 NUMERO DE PATAMARES
 XX
  3
ANO   DURACAO MENSAL DOS PATAMARES DE CARGA
      JAN     FEV     MAR     ABR     MAI     JUN     JUL     AGO     SET     OUT     NOV     DEZ   
      X.XXXX  X.XXXX  X.XXXX  X.XXXX  X.XXXX  X.XXXX  X.XXXX  X.XXXX  X.XXXX  X.XXXX  X.XXXX  X.XXXX
2020  0.2366  0.2181  0.2366  0.2778  0.3226  0.3500  0.3710  0.3387  0.2917  0.2823  0.2225  0.2366  
      0.2728  0.2611  0.2728  0.2222  0.1935  0.1958  0.1976  0.1949  0.2250  0.2231  0.2643  0.2728  
      0.4906  0.5208  0.4906  0.5000  0.4839  0.4542  0.4314  0.4664  0.4833  0.4946  0.5132  0.4906  
2021  0.2151  0.2259  0.2473  0.2778  0.3387  0.3500  0.3548  0.3548  0.2917  0.2688  0.2225  0.2473  
      0.2594  0.2660  0.2796  0.2222  0.1949  0.1958  0.1962  0.1962  0.2250  0.2204  0.2643  0.2796  
      0.5255  0.5081  0.4731  0.5000  0.4664  0.4542  0.4490  0.4490  0.4833  0.5108  0.5132  0.4731  
2022  0.2258  0.2377  0.2366  0.2639  0.3548  0.3500  0.3387  0.3710  0.2917  0.2688  0.2225  0.2366  
      0.2661  0.2734  0.2728  0.2194  0.1962  0.1958  0.1949  0.1976  0.2250  0.2204  0.2643  0.2728  
      0.5081  0.4889  0.4906  0.5167  0.4490  0.4542  0.4664  0.4314  0.4833  0.5108  0.5132  0.4906  
 SUBSISTEMA
 XXX
    ANO                       CARGA(P.U.DEMANDA MED.)
   XXXX X.XXXX X.XXXX X.XXXX X.XXXX X.XXXX X.XXXX X.XXXX X.XXXX X.XXXX X.XXXX X.XXXX X.XXXX
   1
   2020 1.1384 1.1460 1.1460 1.1591 1.1648 1.1556 1.1491 1.1591 1.1601 1.1530 1.1562 1.1325
        1.0718 1.0713 1.0721 1.0636 1.0495 1.0405 1.0355 1.0473 1.0651 1.0689 1.0812 1.0761
        0.8933 0.9031 0.8895 0.8833 0.8703 0.8626 0.8555 0.8647 0.8730 0.8816 0.8905 0.8938
   2021 1.1487 1.1439 1.1390 1.1589 1.1618 1.1552 1.1523 1.1559 1.1607 1.1609 1.1562 1.1287
        1.0788 1.0705 1.0678 1.0635 1.0457 1.0403 1.0397 1.0430 1.0656 1.0743 1.0812 1.0739
        0.9002 0.8991 0.8872 0.8835 0.8634 0.8631 0.8623 0.8580 0.8725 0.8833 0.8905 0.8890
   2022 1.1455 1.1376 1.1450 1.1631 1.1547 1.1552 1.1594 1.1487 1.1603 1.1609 1.1562 1.1291
        1.0772 1.0663 1.0713 1.0670 1.0400 1.0403 1.0457 1.0369 1.0657 1.0749 1.0812 1.0735
        0.8949 0.8960 0.8904 0.8882 0.8603 0.8630 0.8651 0.8552 0.8726 0.8830 0.8905 0.8968
   2                                                                                       
   2020 1.2054 1.2053 1.2060 1.2083 1.2045 1.1910 1.1801 1.1963 1.1997 1.2006 1.2239 1.1854
        1.0693 1.0644 1.0772 1.0698 1.0719 1.0689 1.0638 1.0729 1.0747 1.0790 1.0848 1.0739
        0.8624 0.8818 0.8577 0.8533 0.8349 0.8231 0.8158 0.8270 0.8447 0.8499 0.8592 0.8695
   2021 1.2233 1.2017 1.1950 1.2079 1.1987 1.1901 1.1863 1.1903 1.2002 1.2131 1.2239 1.1799
        1.0807 1.0632 1.0706 1.0699 1.0692 1.0685 1.0673 1.0694 1.0752 1.0865 1.0848 1.0705
        0.8688 0.8772 0.8563 0.8534 0.8268 0.8239 0.8234 0.8193 0.8442 0.8505 0.8592 0.8643
   2022 1.2173 1.1963 1.2027 1.2152 1.1876 1.1900 1.1975 1.1790 1.1998 1.2138 1.2239 1.1809
        1.0780 1.0603 1.0739 1.0737 1.0629 1.0685 1.0741 1.0626 1.0750 1.0874 1.0848 1.0698
        0.8626 0.8709 0.8611 0.8588 0.8243 0.8240 0.8256 0.8174 0.8445 0.8497 0.8592 0.8739
   3                                                                                       
   2020 1.0992 1.1009 1.0929 1.0955 1.1016 1.0894 1.0873 1.0997 1.0989 1.1006 1.1163 1.0926
        1.0661 1.0678 1.0627 1.0686 1.0558 1.0485 1.0436 1.0516 1.0611 1.0632 1.0678 1.0670
        0.9154 0.9237 0.9203 0.9164 0.9099 0.9102 0.9050 0.9061 0.9119 0.9141 0.9146 0.9181
   2021 1.1062 1.1001 1.0882 1.0953 1.0999 1.0891 1.0890 1.0978 1.0990 1.1053 1.1163 1.0902
        1.0719 1.0670 1.0592 1.0685 1.0533 1.0484 1.0464 1.0488 1.0613 1.0674 1.0678 1.0652
        0.9210 0.9204 0.9189 0.9166 0.9052 0.9105 0.9094 0.9014 0.9117 0.9155 0.9146 0.9143
   2022 1.1046 1.0943 1.0927 1.0983 1.0951 1.0890 1.0933 1.0929 1.0986 1.1057 1.1163 1.0898
        1.0703 1.0627 1.0626 1.0709 1.0495 1.0485 1.0505 1.0447 1.0613 1.0678 1.0678 1.0651
        0.9167 0.9191 0.9205 0.9197 0.9032 0.9105 0.9112 0.8997 0.9120 0.9151 0.9146 0.9205
   4                                                                                       
   2020 1.0468 1.0491 1.0461 1.0585 1.0690 1.0635 1.0519 1.0667 1.0591 1.0541 1.0538 1.0369
        1.0446 1.0486 1.0508 1.0499 1.0346 1.0280 1.0250 1.0299 1.0517 1.0489 1.0508 1.0446
        0.9526 0.9551 0.9495 0.9453 0.9402 0.9390 0.9439 0.9391 0.9403 0.9471 0.9505 0.9574
   2021 1.0512 1.0485 1.0429 1.0582 1.0678 1.0633 1.0532 1.0649 1.0593 1.0569 1.0538 1.0359
        1.0488 1.0479 1.0481 1.0497 1.0324 1.0279 1.0273 1.0275 1.0518 1.0514 1.0508 1.0430
        0.9550 0.9534 0.9491 0.9456 0.9372 0.9392 0.9460 0.9367 0.9401 0.9479 0.9505 0.9558
   2022 1.0502 1.0454 1.0450 1.0604 1.0644 1.0632 1.0561 1.0616 1.0585 1.0568 1.0538 1.0357
        1.0474 1.0453 1.0503 1.0515 1.0290 1.0278 1.0305 1.0240 1.0515 1.0517 1.0508 1.0433
        0.9529 0.9526 0.9503 0.9473 0.9364 0.9393 0.9465 0.9361 0.9407 0.9478 0.9505 0.9587
9999
 SUBSISTEMA
   A ->B
 XXX XXX
                             INTERCAMBIO(P.U.INTERC.MEDIO)
 X.XXXX X.XXXX X.XXXX X.XXXX X.XXXX X.XXXX X.XXXX X.XXXX X.XXXX X.XXXX X.XXXX X.XXXX
   1   2
   2020 1.0088 1.0094 1.0088 1.0090 1.0087 1.0082 1.0078 1.0084 1.0087 1.0089 1.0092 1.0088
        1.0089 1.0093 1.0089 1.0090 1.0088 1.0081 1.0076 1.0084 1.0087 1.0089 1.0093 1.0089
        0.9908 0.9914 0.9908 0.9910 0.9907 0.9902 0.9898 0.9904 0.9907 0.9909 0.9912 0.9908
   2021 1.0095 1.0092 1.0085 1.0090 1.0084 1.0082 1.0081 1.0081 1.0087 1.0092 1.0092 1.0085
        1.0095 1.0092 1.0086 1.0090 1.0084 1.0081 1.0080 1.0080 1.0087 1.0092 1.0093 1.0086
        0.9914 0.9911 0.9905 0.9910 0.9904 0.9902 0.9901 0.9901 0.9907 0.9912 0.9912 0.9905
   2022 1.0092 1.0088 1.0088 1.0093 1.0081 1.0082 1.0084 1.0078 1.0532 1.0564 1.0567 1.0540
        1.0092 1.0088 1.0089 1.0093 1.0080 1.0081 1.0084 1.0076 1.0533 1.0564 1.0565 1.0541
        0.9911 0.9908 0.9908 0.9913 0.9901 0.9902 0.9904 0.9898 0.9431 0.9460 0.9463 0.9439
   2   1
   2020 1.0221 1.0235 1.0221 1.0226 1.0218 1.0204 1.0194 1.0210 1.0218 1.0223 1.0232 1.0221
        1.0222 1.0235 1.0222 1.0226 1.0219 1.0206 1.0195 1.0209 1.0218 1.0223 1.0232 1.0222
        0.9770 0.9784 0.9770 0.9774 0.9767 0.9754 0.9744 0.9760 0.9767 0.9772 0.9780 0.9770
   2021 1.0237 1.0229 1.0213 1.0226 1.0210 1.0204 1.0202 1.0202 1.0218 1.0231 1.0232 1.0213
        1.0237 1.0230 1.0213 1.0226 1.0209 1.0206 1.0202 1.0202 1.0218 1.0230 1.0232 1.0213
        0.9786 0.9778 0.9763 0.9774 0.9760 0.9754 0.9752 0.9752 0.9767 0.9779 0.9780 0.9763
   2022 1.0229 1.0220 1.0221 1.0233 1.0202 1.0204 1.0210 1.0194 1.0203 1.0214 1.0215 1.0206
        1.0230 1.0220 1.0222 1.0233 1.0202 1.0206 1.0209 1.0195 1.0203 1.0214 1.0215 1.0206
        0.9778 0.9770 0.9770 0.9782 0.9752 0.9754 0.9760 0.9744 0.9783 0.9795 0.9796 0.9786
   1  11
   2020 1.0000 1.0000 1.0000 1.0000 1.0000 1.0000 1.0000 1.0000 1.0000 1.0000 1.0000 1.0000
        1.0000 1.0000 1.0000 1.0000 1.0000 1.0000 1.0000 1.0000 1.0000 1.0000 1.0000 1.0000
        1.0000 1.0000 1.0000 1.0000 1.0000 1.0000 1.0000 1.0000 1.0000 1.0000 1.0000 1.0000
   2021 1.0000 1.0000 1.0000 1.0000 1.0000 1.0000 1.0000 1.0000 1.0000 1.0000 1.0000 1.0000
        1.0000 1.0000 1.0000 1.0000 1.0000 1.0000 1.0000 1.0000 1.0000 1.0000 1.0000 1.0000
        1.0000 1.0000 1.0000 1.0000 1.0000 1.0000 1.0000 1.0000 1.0000 1.0000 1.0000 1.0000
   2022 1.0000 1.0000 1.0000 1.0000 1.0000 1.0000 1.0000 1.0000 1.0000 1.0000 1.0000 1.0000
        1.0000 1.0000 1.0000 1.0000 1.0000 1.0000 1.0000 1.0000 1.0000 1.0000 1.0000 1.0000
        1.0000 1.0000 1.0000 1.0000 1.0000 1.0000 1.0000 1.0000 1.0000 1.0000 1.0000 1.0000
  11   1
   2020 1.0000 1.0000 1.0000 1.0000 1.0000 1.0000 1.0000 1.0000 1.0000 1.0000 1.0000 1.0000
        1.0000 1.0000 1.0000 1.0000 1.0000 1.0000 1.0000 1.0000 1.0000 1.0000 1.0000 1.0000
        1.0000 1.0000 1.0000 1.0000 1.0000 1.0000 1.0000 1.0000 1.0000 1.0000 1.0000 1.0000
   2021 1.0000 1.0000 1.0000 1.0000 1.0000 1.0000 1.0000 1.0000 1.0000 1.0000 1.0000 1.0000
        1.0000 1.0000 1.0000 1.0000 1.0000 1.0000 1.0000 1.0000 1.0000 1.0000 1.0000 1.0000
        1.0000 1.0000 1.0000 1.0000 1.0000 1.0000 1.0000 1.0000 1.0000 1.0000 1.0000 1.0000
   2022 1.0000 1.0000 1.0000 1.0000 1.0000 1.0000 1.0000 1.0000 1.0000 1.0000 1.0000 1.0000
        1.0000 1.0000 1.0000 1.0000 1.0000 1.0000 1.0000 1.0000 1.0000 1.0000 1.0000 1.0000
        1.0000 1.0000 1.0000 1.0000 1.0000 1.0000 1.0000 1.0000 1.0000 1.0000 1.0000 1.0000
   3  11
   2020 1.0000 1.0000 1.0000 1.0000 1.0000 1.0000 1.0000 1.0000 1.0000 1.0000 1.0000 1.0000
        1.0000 1.0000 1.0000 1.0000 1.0000 1.0000 1.0000 1.0000 1.0000 1.0000 1.0000 1.0000
        1.0000 1.0000 1.0000 1.0000 1.0000 1.0000 1.0000 1.0000 1.0000 1.0000 1.0000 1.0000
   2021 1.0000 1.0000 1.0000 1.0000 1.0000 1.0000 1.0000 1.0000 1.0000 1.0000 1.0000 1.0000
        1.0000 1.0000 1.0000 1.0000 1.0000 1.0000 1.0000 1.0000 1.0000 1.0000 1.0000 1.0000
        1.0000 1.0000 1.0000 1.0000 1.0000 1.0000 1.0000 1.0000 1.0000 1.0000 1.0000 1.0000
   2022 1.0000 1.0000 1.0000 1.0000 1.0000 1.0000 1.0000 1.0000 1.0000 1.0000 1.0000 1.0000
        1.0000 1.0000 1.0000 1.0000 1.0000 1.0000 1.0000 1.0000 1.0000 1.0000 1.0000 1.0000
        1.0000 1.0000 1.0000 1.0000 1.0000 1.0000 1.0000 1.0000 1.0000 1.0000 1.0000 1.0000
  11   3
   2020 1.0000 1.0000 1.0000 1.0000 1.0000 1.0000 1.0000 1.0000 1.0000 1.0000 1.0000 1.0000
        1.0000 1.0000 1.0000 1.0000 1.0000 1.0000 1.0000 1.0000 1.0000 1.0000 1.0000 1.0000
        1.0000 1.0000 1.0000 1.0000 1.0000 1.0000 1.0000 1.0000 1.0000 1.0000 1.0000 1.0000
   2021 1.0000 1.0000 1.0000 1.0000 1.0000 1.0000 1.0000 1.0000 1.0000 1.0000 1.0000 1.0000
        1.0000 1.0000 1.0000 1.0000 1.0000 1.0000 1.0000 1.0000 1.0000 1.0000 1.0000 1.0000
        1.0000 1.0000 1.0000 1.0000 1.0000 1.0000 1.0000 1.0000 1.0000 1.0000 1.0000 1.0000
   2022 1.0000 1.0000 1.0000 1.0000 1.0000 1.0000 1.0000 1.0000 1.0000 1.0000 1.0000 1.0000
        1.0000 1.0000 1.0000 1.0000 1.0000 1.0000 1.0000 1.0000 1.0000 1.0000 1.0000 1.0000
        1.0000 1.0000 1.0000 1.0000 1.0000 1.0000 1.0000 1.0000 1.0000 1.0000 1.0000 1.0000
   4  11
   2020 1.0000 1.0000 1.0000 1.0000 1.0000 1.0000 1.0000 1.0000 1.0000 1.0000 1.0000 1.0000
        1.0000 1.0000 1.0000 1.0000 1.0000 1.0000 1.0000 1.0000 1.0000 1.0000 1.0000 1.0000
        1.0000 1.0000 1.0000 1.0000 1.0000 1.0000 1.0000 1.0000 1.0000 1.0000 1.0000 1.0000
   2021 1.0000 1.0000 1.0000 1.0000 1.0000 1.0000 1.0000 1.0000 1.0000 1.0000 1.0000 1.0000
        1.0000 1.0000 1.0000 1.0000 1.0000 1.0000 1.0000 1.0000 1.0000 1.0000 1.0000 1.0000
        1.0000 1.0000 1.0000 1.0000 1.0000 1.0000 1.0000 1.0000 1.0000 1.0000 1.0000 1.0000
   2022 1.0000 1.0000 1.0000 1.0000 1.0000 1.0000 1.0000 1.0000 1.0000 1.0000 1.0000 1.0000
        1.0000 1.0000 1.0000 1.0000 1.0000 1.0000 1.0000 1.0000 1.0000 1.0000 1.0000 1.0000
        1.0000 1.0000 1.0000 1.0000 1.0000 1.0000 1.0000 1.0000 1.0000 1.0000 1.0000 1.0000
  11   4
   2020 1.0585 1.0611 1.0572 1.0725 1.0856 1.0794 1.0648 1.0823 1.0728 1.0668 1.0666 1.0459
        1.0557 1.0605 1.0630 1.0619 1.0428 1.0351 1.0314 1.0369 1.0637 1.0605 1.0630 1.0555
        0.9408 0.9441 0.9374 0.9322 0.9258 0.9237 0.9299 0.9248 0.9264 0.9346 0.9387 0.9470
   2021 1.0630 1.0595 1.0525 1.0711 1.0830 1.0780 1.0655 1.0790 1.0720 1.0693 1.0656 1.0440
        1.0600 1.0587 1.0588 1.0607 1.0395 1.0343 1.0335 1.0336 1.0630 1.0626 1.0621 1.0528
        0.9446 0.9428 0.9378 0.9335 0.9232 0.9251 0.9336 0.9229 0.9272 0.9365 0.9396 0.9458
   2022 1.0609 1.0550 1.0543 1.0728 1.0778 1.0768 1.0681 1.0740 1.0702 1.0683 1.0648 1.0432
        1.0575 1.0548 1.0606 1.0620 1.0348 1.0339 1.0370 1.0287 1.0617 1.0622 1.0612 1.0523
        0.9428 0.9426 0.9401 0.9365 0.9233 0.9262 0.9351 0.9232 0.9289 0.9372 0.9404 0.9501
   1   3
   2020 1.0000 1.0000 1.0000 1.0000 1.0000 1.0000 1.0000 1.0000 1.0000 1.0000 1.0000 1.0000
        1.0000 1.0000 1.0000 1.0000 1.0000 1.0000 1.0000 1.0000 1.0000 1.0000 1.0000 1.0000
        1.0000 1.0000 1.0000 1.0000 1.0000 1.0000 1.0000 1.0000 1.0000 1.0000 1.0000 1.0000
   2021 1.0000 1.0000 1.0000 1.0000 1.0000 1.0000 1.0000 1.0000 1.0000 1.0000 1.0000 1.0000
        1.0000 1.0000 1.0000 1.0000 1.0000 1.0000 1.0000 1.0000 1.0000 1.0000 1.0000 1.0000
        1.0000 1.0000 1.0000 1.0000 1.0000 1.0000 1.0000 1.0000 1.0000 1.0000 1.0000 1.0000
   2022 1.0000 1.0000 1.0000 1.0000 1.0000 1.0000 1.0000 1.0000 1.0000 1.0000 1.0000 1.0000
        1.0000 1.0000 1.0000 1.0000 1.0000 1.0000 1.0000 1.0000 1.0000 1.0000 1.0000 1.0000
        1.0000 1.0000 1.0000 1.0000 1.0000 1.0000 1.0000 1.0000 1.0000 1.0000 1.0000 1.0000
   3   1
   2020 1.0000 1.0000 1.0000 1.0000 1.0000 1.0000 1.0000 1.0000 1.0000 1.0000 1.0000 1.0000
        1.0000 1.0000 1.0000 1.0000 1.0000 1.0000 1.0000 1.0000 1.0000 1.0000 1.0000 1.0000
        1.0000 1.0000 1.0000 1.0000 1.0000 1.0000 1.0000 1.0000 1.0000 1.0000 1.0000 1.0000
   2021 1.0000 1.0000 1.0000 1.0000 1.0000 1.0000 1.0000 1.0000 1.0000 1.0000 1.0000 1.0000
        1.0000 1.0000 1.0000 1.0000 1.0000 1.0000 1.0000 1.0000 1.0000 1.0000 1.0000 1.0000
        1.0000 1.0000 1.0000 1.0000 1.0000 1.0000 1.0000 1.0000 1.0000 1.0000 1.0000 1.0000
   2022 1.0000 1.0000 1.0200 1.0211 1.0183 1.0185 1.0190 1.0176 1.0197 1.0209 1.0210 1.0200
        1.0000 1.0000 1.0201 1.0210 1.0182 1.0184 1.0189 1.0174 1.0198 1.0209 1.0210 1.0201
        1.0000 1.0000 0.9792 0.9803 0.9776 0.9778 0.9783 0.9769 0.9789 0.9800 0.9801 0.9792
   1   4
   2020 1.0000 1.0000 1.0000 1.0000 1.0000 1.0000 1.0000 1.0000 1.0000 1.0000 1.0000 1.0000
        1.0000 1.0000 1.0000 1.0000 1.0000 1.0000 1.0000 1.0000 1.0000 1.0000 1.0000 1.0000
        1.0000 1.0000 1.0000 1.0000 1.0000 1.0000 1.0000 1.0000 1.0000 1.0000 1.0000 1.0000
   2021 1.0000 1.0000 1.0000 1.0000 1.0000 1.0000 1.0000 1.0000 1.0000 1.0000 1.0000 1.0000
        1.0000 1.0000 1.0000 1.0000 1.0000 1.0000 1.0000 1.0000 1.0000 1.0000 1.0000 1.0000
        1.0000 1.0000 1.0000 1.0000 1.0000 1.0000 1.0000 1.0000 1.0000 1.0000 1.0000 1.0000
   2022 1.0000 1.0000 1.0000 1.0000 1.0000 1.0000 1.0000 1.0000 1.0000 1.0000 1.0000 1.0000
        1.0000 1.0000 1.0000 1.0000 1.0000 1.0000 1.0000 1.0000 1.0000 1.0000 1.0000 1.0000
        1.0000 1.0000 1.0000 1.0000 1.0000 1.0000 1.0000 1.0000 1.0000 1.0000 1.0000 1.0000
   4   1
   2020 1.0000 1.0000 1.0000 1.0000 1.0000 1.0000 1.0000 1.0000 1.0000 1.0000 1.0000 1.0000
        1.0000 1.0000 1.0000 1.0000 1.0000 1.0000 1.0000 1.0000 1.0000 1.0000 1.0000 1.0000
        1.0000 1.0000 1.0000 1.0000 1.0000 1.0000 1.0000 1.0000 1.0000 1.0000 1.0000 1.0000
   2021 1.0000 1.0000 1.0000 1.0000 1.0000 1.0000 1.0000 1.0000 1.0000 1.0000 1.0000 1.0000
        1.0000 1.0000 1.0000 1.0000 1.0000 1.0000 1.0000 1.0000 1.0000 1.0000 1.0000 1.0000
        1.0000 1.0000 1.0000 1.0000 1.0000 1.0000 1.0000 1.0000 1.0000 1.0000 1.0000 1.0000
   2022 1.0000 1.0000 1.0000 1.0000 1.0000 1.0000 1.0000 1.0000 1.0000 1.0000 1.0000 1.0000
        1.0000 1.0000 1.0000 1.0000 1.0000 1.0000 1.0000 1.0000 1.0000 1.0000 1.0000 1.0000
        1.0000 1.0000 1.0000 1.0000 1.0000 1.0000 1.0000 1.0000 1.0000 1.0000 1.0000 1.0000
