 NUM  POSTO         JAN       FEV       MAR       ABR       MAI       JUN       JUL       AGO       SET       OUT       NOV       DEZ
 XXXX XXXXXXXXXX    XXXXX.XX  XXXXX.XX  XXXXX.XX  XXXXX.XX  XXXXX.XX  XXXXX.XX  XXXXX.XX  XXXXX.XX  XXXXX.XX  XXXXX.XX  XXXXX.XX  XXXXX.XX
 MESPLAN =          01  ANOPLAN=         2019
    1 CAMARGOS        128.00     98.00    110.00     60.00     44.00     39.00     33.00     39.00     40.00     56.00    105.00    224.00
    2 ITUTINGA        128.00     98.00    110.00     60.00     44.00     39.00     33.00     39.00     40.00     56.00    105.00    224.00
    6 FURNAS          925.00    640.00    800.00    356.00    247.00    239.00    172.00    225.00    194.00    442.00    832.00   1524.00
    7 M. DE MORAE    1139.00    772.00    942.00    443.00    304.00    285.00    209.00    261.00    232.00    491.00    968.00   1681.00
    8 ESTREITO       1188.00    802.00    975.00    464.00    317.00    296.00    217.00    269.00    241.00    501.00    995.00   1708.00
    9 JAGUARA        1208.00    814.00    990.00    473.00    322.00    301.00    221.00    272.00    244.00    503.00   1004.00   1716.00
   10 IGARAPAVA      1265.00    850.00   1030.00    499.00    338.00    314.00    232.00    282.00    254.00    514.00   1034.00   1746.00
   11 VOLTA GRAND    1393.00    931.00   1114.00    552.00    373.00    342.00    254.00    304.00    277.00    543.00   1113.00   1827.00
   12 P. COLOMBIA    1631.00   1108.00   1315.00    688.00    467.00    416.00    309.00    354.00    323.00    604.00   1257.00   2042.00
   14 CACONDE          57.00     44.00     59.00     32.00     21.00     19.00     15.00     19.00     17.00     32.00     41.00     87.00
   15 E. DA CUNHA      93.00     71.00     98.00     52.00     34.00     31.00     25.00     31.00     27.00     53.00     67.00    141.00
   16 A.S.OLIVEIR      95.00     71.00    100.00     53.00     34.00     32.00     25.00     31.00     28.00     54.00     68.00    143.00
   17 MARIMBONDO     2401.00   1682.00   1871.00   1027.00    732.00    674.00    524.00    579.00    515.00    934.00   1706.00   2750.00
   18 A. VERMELHA    3025.00   2081.00   2205.00   1277.00    913.00    836.00    668.00    734.00    671.00   1118.00   1988.00   3041.00
   20 BOCAINA         120.00    154.00    197.00    112.00     65.00     51.00     39.00     35.00     31.00     43.00    216.00    290.00
   22 BATALHA          94.00    133.00    138.00     88.00     46.00     38.00     26.00     26.00     22.00     33.00    161.00    178.00
   23 CORUMBA III     129.00    162.00    178.00    156.00     83.00     60.00     45.00     39.00     32.00     62.00    153.00    246.00
   24 EMBORCACAO      339.00    438.00    559.00    317.00    183.00    146.00    110.00     98.00     87.00    122.00    614.00    807.00
   25 NOVA PONTE      297.00    278.00    234.00    175.00    126.00    104.00     88.00     76.00     72.00    126.00    395.00    463.00
   28 CAPIM BRANC     321.00    295.00    265.00    191.00    136.00    112.00     94.00     81.00     77.00    133.00    407.00    562.00
   31 ITUMBIARA      1458.00   1583.00   1701.00   1192.00    714.00    558.00    428.00    367.00    341.00    548.00   1898.00   2425.00
   32 CACH.DOURAD    1594.00   1693.00   1844.00   1301.00    769.00    601.00    462.00    395.00    365.00    579.00   1974.00   2538.00
   33 SAO SIMAO      2913.00   2876.00   3125.00   2350.00   1445.00   1170.00    928.00    787.00    720.00   1071.00   3134.00   3673.00
   34 I.SOLTEIRA     7533.00   6136.00   6504.00   4543.00   2929.00   2502.00   1989.00   1880.00   1861.00   2806.00   6290.00   7763.00
   37 BARRA BONIT     635.00    365.00    426.00    270.00    153.00    152.00    114.00    195.00    158.00    298.00    405.00    595.00
   38 A.S.LIMA        713.00    419.00    482.00    325.00    188.00    188.00    145.00    237.00    192.00    352.00    446.00    663.00
   39 IBITINGA        865.00    520.00    586.00    423.00    256.00    257.00    204.00    316.00    260.00    456.00    532.00    799.00
   40 PROMISSAO      1116.00    667.00    698.00    495.00    316.00    322.00    261.00    379.00    338.00    574.00    643.00    961.00
   42 NAVANHANDAV    1217.00    725.00    743.00    524.00    339.00    347.00    283.00    403.00    368.00    618.00    681.00   1027.00
   43 T.IRMAOS       1287.00    791.00    772.00    567.00    351.00    359.00    294.00    406.00    380.00    630.00    654.00   1074.00
   44 I.SOLT. EQV    8820.00   6927.00   7276.00   5110.00   3280.00   2861.00   2283.00   2286.00   2242.00   3436.00   6944.00   8837.00
   45 JUPIA          9504.00   7562.00   7857.00   5715.00   3823.00   3400.00   2727.00   2607.00   2608.00   3838.00   7342.00   9256.00
   46 P.PRIMAVERA   11394.00   8992.00   9332.00   7003.00   4681.00   4206.00   3496.00   3363.00   3562.00   4946.00   7824.00  10091.00
   47 A.A.LAYDNER     458.00    282.00    252.00    278.00    147.00    145.00    114.00    151.00    130.00    174.00    145.00    199.00
   48 PIRAJU          477.00    290.00    259.00    285.00    151.00    149.00    116.00    154.00    134.00    178.00    148.00    204.00
   49 CHAVANTES       860.00    437.00    422.00    400.00    229.00    220.00    172.00    223.00    210.00    282.00    218.00    302.00
   50 L.N. GARCEZ    1109.00    614.00    603.00    551.00    346.00    325.00    260.00    345.00    308.00    417.00    318.00    400.00
   51 CANOAS II      1129.00    629.00    616.00    564.00    354.00    333.00    266.00    353.00    315.00    427.00    326.00    407.00
   52 CANOAS I       1170.00    659.00    644.00    590.00    373.00    350.00    280.00    373.00    331.00    449.00    341.00    423.00
   54 STA BRANCA      534.00    260.00    192.00    152.00     67.00     78.00     49.00     38.00     48.00    175.00    115.00    133.00
   55 TIBAGI MONT     632.00    310.00    220.00    172.00     77.00     85.00     57.00     49.00     51.00    191.00    128.00    155.00
   57 MAUA            988.00    487.00    347.00    272.00    124.00    136.00     93.00     81.00     84.00    302.00    204.00    248.00
   58 SAO JERONIM    1116.00    596.00    454.00    354.00    213.00    196.00    143.00    185.00    184.00    480.00    346.00    298.00
   61 CAPIVARA       3306.00   1800.00   1513.00   1268.00    781.00    725.00    554.00    728.00    684.00   1368.00   1003.00    948.00
   62 TAQUARUCU      3439.00   1906.00   1578.00   1345.00    836.00    784.00    606.00    786.00    742.00   1440.00   1079.00    996.00
   63 ROSANA         3729.00   2138.00   1739.00   1514.00    964.00    922.00    727.00    924.00    877.00   1618.00   1254.00   1117.00
   65 S GDE CHOPI     205.00     92.00    129.00    100.00     41.00     43.00     43.00     28.00    107.00    216.00    119.00    142.00
   66 ITAIPU        22263.00  15730.00  16345.00  13114.00   8274.00   7467.00   6019.00   6217.00   6646.00  10862.00  12441.00  13727.00
   70 JORDAO           96.00     10.00     10.00     10.00     10.00     10.00     10.00     10.00     10.00     48.00     10.00     18.00
   71 STA CLARA P     210.00     82.00    101.00     78.00     33.00     74.00     60.00     36.00     77.00    160.00     85.00     89.00
   72 FUNDAO          222.00     88.00    105.00     82.00     35.00     77.00     63.00     38.00     81.00    172.00     93.00     93.00
   73 JORDAO          270.00    107.00    120.00     97.00     44.00     88.00     76.00     48.00    100.00    222.00    122.00    110.00
   74 G.B.MUNHOZ     1099.00    694.00    555.00    481.00    163.00    242.00    238.00    175.00    475.00   1468.00    638.00    563.00
   75 SEGREDO        1512.00    911.00    736.00    658.00    242.00    372.00    374.00    258.00    661.00   1878.00    923.00    746.00
   76 SEGREDO        1338.00    814.00    626.00    571.00    208.00    294.00    308.00    220.00    571.00   1705.00    811.00    646.00
   77 SLT.SANTIAG    1839.00   1041.00    882.00    791.00    299.00    425.00    437.00    299.00    790.00   2155.00   1084.00    851.00
   78 SALTO OSORI    1929.00   1101.00    928.00    851.00    319.00    437.00    463.00    309.00    836.00   2231.00   1159.00    892.00
   80 SAO JOAO        132.00     59.00     83.00     64.00     27.00     27.00     28.00     18.00     69.00    138.00     76.00     54.00
   81 BAIXO IGUAC    2702.00   1467.00   1392.00   1221.00    469.00    601.00    630.00    418.00   1226.00   3060.00   1610.00   1234.00
   83 CACHOEIRINH     141.00     63.00     89.00     69.00     28.00     29.00     30.00     19.00     73.00    148.00     82.00     58.00
   85 PAI QUERE       168.00     45.00     61.00     46.00     39.00    153.00    210.00    148.00    287.00    171.00    147.00    104.00
   88 SAO ROQUE       333.00    134.00    136.00    120.00     52.00     62.00    113.00    101.00    417.00    266.00    209.00    144.00
   89 GARIBALDI       388.00    158.00    160.00    145.00     65.00     85.00    160.00    136.00    513.00    325.00    255.00    323.00
   92 ITA            1199.00    444.00    498.00    476.00    282.00    562.00    882.00    661.00   1752.00   1518.00   1098.00   1145.00
   93 PASSO FUNDO      60.00     19.00     21.00     22.00     21.00     38.00     45.00     38.00    109.00    105.00     88.00     72.00
   94 FOZ CHAPECO    1548.00    573.00    641.00    661.00    377.00    680.00   1053.00    814.00   2245.00   2197.00   1539.00   1440.00
   97 MONTE CLARO     200.00     81.00    128.00    116.00    128.00    286.00    518.00    362.00    527.00    529.00    351.00    284.00
   98 CASTRO ALVE     123.00     49.00     81.00     73.00     69.00    211.00    371.00    229.00    337.00    377.00    212.00    153.00
   99 ESPORA           80.00     81.00     83.00     82.00     63.00     59.00     54.00     52.00     55.00     69.00     93.00     87.00
  100 CUBATAO           5.00      6.00      6.00      5.00      4.00      4.00      4.00      3.00      4.00      5.00      5.00      6.00
  101 SALTO PILAO     181.00     74.00     90.00     87.00     31.00     39.00     34.00     45.00    180.00    113.00     62.00    151.00
  102 SAO JOSE        302.00    193.00    168.00    147.00    167.00    162.00    192.00    128.00    295.00    279.00    573.00    340.00
  103 PASSO SAO J     306.00    208.00    173.00    155.00    173.00    167.00    200.00    132.00    304.00    289.00    595.00    353.00
  104 TRAICAO          52.00     42.00     50.00     51.00     29.00     33.00     28.00     29.00     31.00     48.00     42.00     30.00
  109 PEDREIRA         25.00     20.00     25.00     24.00     12.00     15.00     13.00     13.00     14.00     24.00     21.00     18.00
  110 ERNESTINA        29.00     12.00     12.00      9.00     24.00     40.00     43.00     50.00     79.00     63.00     57.00     39.00
  111 PASSO REAL      245.00    144.00    137.00    129.00    145.00    202.00    244.00    194.00    370.00    313.00    379.00    275.00
  112 JACUI           247.00    146.00    139.00    132.00    147.00    204.00    248.00    196.00    375.00    316.00    384.00    278.00
  113 ITAUBA          310.00    182.00    188.00    185.00    184.00    275.00    333.00    249.00    487.00    380.00    505.00    347.00
  114 D.FRANCISCA     382.00    218.00    242.00    244.00    227.00    357.00    425.00    308.00    612.00    452.00    634.00    419.00
  115 G.P.SOUZA        38.00     27.00     29.00     22.00     18.00     18.00     15.00     14.00      9.00     27.00     21.00     33.00
  116 HENRY BORDE       6.00      5.00      6.00      5.00      3.00      3.00      3.00      3.00      3.00      5.00      5.00      5.00
  117 GUARAPIRANG      27.00     22.00     25.00     27.00     17.00     18.00     15.00     16.00     17.00     24.00     21.00     13.00
  118 BILLINGS         25.00     20.00     25.00     24.00     12.00     15.00     13.00     13.00     14.00     24.00     21.00     18.00
  119 BILLINGS         31.00     25.00     31.00     29.00     15.00     18.00     16.00     16.00     17.00     29.00     26.00     25.00
  120 JAGUARI          36.00     22.00     25.00     12.00      9.00     10.00      9.00     12.00      9.00     19.00     16.00     28.00
  121 PARAIBUNA       132.00     90.00     81.00     52.00     40.00     38.00     32.00     39.00     34.00     58.00     85.00     67.00
  122 SANTA BRANC     149.00    104.00    101.00     60.00     45.00     42.00     35.00     43.00     37.00     65.00     96.00     75.00
  123 FUNIL           344.00    280.00    332.00    160.00    102.00     94.00     76.00    103.00     79.00    154.00    227.00    226.00
  125 STA CECILIA     412.00    369.00    456.00    214.00    130.00    116.00     89.00    120.00     93.00    176.00    284.00    295.00
  126 SIMPLICIO       340.00    340.00    340.00    194.00     85.00     55.00     24.00     48.00     37.00     71.00    219.00    313.00
  127 ANTA_ARTF       481.00    455.00    658.00    284.00    175.00    145.00    114.00    138.00    127.00    161.00    309.00    403.00
  129 ANTA            669.00    636.00    850.00    429.00    274.00    234.00    182.00    219.00    191.00    282.00    489.00    588.00
  130 I. POMBOS       713.00    701.00    949.00    476.00    312.00    260.00    216.00    256.00    228.00    312.00    531.00    657.00
  131 NILO PECANH     144.00    144.00    144.00    131.00     87.00     78.00     60.00     77.00     60.00    113.00    144.00    144.00
  132 LAJES            27.00     20.00     31.00     20.00     17.00     15.00     11.00      6.00      6.00     11.00     20.00     22.00
  134 SALTO GRAND      48.00    346.00    208.00    102.00     61.00     47.00     40.00     38.00     36.00     48.00    134.00    214.00
  135 BARRA BRAUN     208.00    188.00    159.00    117.00     89.00     76.00     67.00     59.00     60.00     70.00    109.00    146.00
  141 BAGUARI         229.00    826.00    712.00    382.00    228.00    187.00    159.00    167.00    139.00    172.00    399.00    754.00
  144 MASCARENHAS     385.00   1293.00   1087.00    649.00    393.00    320.00    278.00    283.00    221.00    254.00    567.00   1363.00
  145 RONDON II       146.00    129.00    147.00    141.00     98.00     79.00     64.00     61.00     56.00     77.00     93.00    108.00
  148 AIMORES         332.00   1134.00    962.00    560.00    338.00    276.00    238.00    244.00    193.00    225.00    509.00   1169.00
  149 CANDONGA         79.00    131.00    198.00    105.00     57.00     50.00     41.00     51.00     44.00     57.00    123.00    191.00
  154 SAO DOMINGO     188.00    184.00    210.00    165.00    143.00    134.00    125.00    119.00    131.00    135.00    123.00    111.00
  155 RETIRO BAIX      80.00    130.00    158.00     62.00     42.00     36.00     32.00     35.00     37.00     44.00     93.00    208.00
  156 TRES MARIAS     560.00    635.00    721.00    256.00    148.00    120.00     80.00     72.00     68.00    161.00    730.00    919.00
  158 QUEIMADO         32.00     43.00     36.00     34.00     21.00     16.00     14.00     12.00     11.00     14.00     38.00     65.00
  160 ALTO TIETÊ       10.00      8.00     10.00      6.00      3.00      4.00      4.00      4.00      4.00      8.00      8.00      8.00
  161 E.SOUZA         160.00     98.00    166.00     95.00     47.00     52.00     44.00     56.00     66.00    113.00    106.00    110.00
  164 E.SOUZA         108.00     56.00    116.00     44.00     18.00     19.00     16.00     27.00     35.00     65.00     64.00     81.00
  168 SOBRADINHO     1006.00   1541.00   1865.00   1264.00    614.00    418.00    348.00    352.00    330.00    345.00    980.00   1430.00
  169 SOBRADINHO     1580.00   2124.00   2623.00   1756.00    814.00    573.00    458.00    435.00    396.00    455.00   1319.00   1974.00
  171 ITAPARICA F       0.00      0.00      0.00      0.00      0.00      0.00      0.00      0.00      0.00      0.00      0.00     49.00
  172 ITAPARICA      1696.00   2114.00   2618.00   1880.00    852.00    583.00    461.00    434.00    402.00    445.00   1194.00   1927.00
  173 MOXOTO         1696.00   2114.00   2618.00   1880.00    852.00    583.00    461.00    434.00    402.00    445.00   1194.00   1927.00
  175 P.AFONSO 12    1696.00   2114.00   2618.00   1880.00    852.00    583.00    461.00    434.00    402.00    445.00   1194.00   1927.00
  176 COMP. MOXOT    1696.00   2114.00   2618.00   1880.00    852.00    583.00    461.00    434.00    402.00    445.00   1194.00   1927.00
  178 XINGO          1759.00   2075.00   2605.00   1943.00    873.00    588.00    462.00    433.00    405.00    441.00   1130.00   1926.00
  183 SA CARVALHO      34.00    147.00    139.00     57.00     37.00     30.00     25.00     27.00     23.00     33.00     67.00    119.00
  187 COUTO MAGAL     122.00    123.00    122.00    101.00     87.00     77.00     68.00     62.00     61.00     68.00     86.00     94.00
  188 ITAPEBI         109.00    513.00    314.00    143.00     64.00     57.00     40.00     33.00     25.00     27.00    218.00    519.00
  190 B. ESPERANC     341.00    606.00    800.00    672.00    307.00    245.00    218.00    195.00    193.00    233.00    260.00    314.00
  191 CANA BRAVA      588.00   1211.00   1147.00    853.00    370.00    252.00    183.00    144.00    125.00    209.00    552.00    980.00
  196 ROSAL            17.00     56.00     68.00     53.00     27.00     20.00     16.00     18.00     12.00     16.00     47.00     49.00
  197 PICADA           36.00     35.00     48.00     26.00     17.00     15.00     12.00     15.00     14.00     20.00     38.00     41.00
  198 SOBRAGI          58.00     69.00     94.00     55.00     38.00     33.00     31.00     35.00     32.00     35.00     67.00     86.00
  199 ITAOCARA I      747.00    734.00    994.00    498.00    327.00    272.00    226.00    268.00    239.00    327.00    556.00    685.00
  201 TOCOS            19.00     14.00     22.00     14.00     12.00     11.00      8.00      4.00      4.00      8.00     14.00     15.00
  202 LAJES             8.00      6.00      9.00      6.00      5.00      4.00      3.00      2.00      2.00      3.00      6.00      7.00
  203 SANTANA          28.00     21.00     32.00     21.00     18.00     16.00     12.00      6.00      6.00     11.00     20.00     25.00
  204 CACH.CALDEI     660.00   1243.00   1201.00   2389.00   2451.00   1825.00   1466.00    880.00    551.00    251.00    173.00    189.00
  205 CORUMBA IV      102.00    127.00    139.00    123.00     65.00     47.00     36.00     32.00     25.00     52.00    120.00    198.00
  206 MIRANDA         314.00    292.00    252.00    186.00    133.00    109.00     92.00     79.00     75.00    131.00    409.00    534.00
  207 CAPIM BRANC     316.00    293.00    256.00    187.00    134.00    110.00     92.00     80.00     76.00    132.00    409.00    542.00
  209 CORUMBA I       372.00    482.00    527.00    451.00    245.00    172.00    133.00    109.00     93.00    152.00    449.00    681.00
  211 FUNIL-GRAND     298.00    240.00    320.00    147.00    104.00     94.00     77.00     96.00     84.00    129.00    241.00    530.00
  215 BARRA GRAND     315.00     85.00    115.00     86.00     73.00    288.00    394.00    278.00    540.00    321.00    277.00    295.00
  216 CAMPOS NOVO     416.00    190.00    177.00    166.00     76.00     96.00    194.00    153.00    587.00    375.00    298.00    354.00
  217 MACHADINHO      856.00    358.00    359.00    341.00    210.00    450.00    736.00    553.00   1358.00    935.00    807.00    810.00
  220 MONJOLINHO      102.00     32.00     36.00     38.00     36.00     64.00     77.00     66.00    188.00    178.00    151.00    125.00
  222 SALTO CAXIA    2500.00   1357.00   1288.00   1130.00    434.00    556.00    583.00    387.00   1134.00   2831.00   1490.00   1142.00
  225 SLT APIACAS     379.00    476.00    511.00    376.00    187.00     75.00     40.00     25.00     20.00     31.00     76.00    179.00
  227 SINOP          1282.00   1889.00   1855.00   1777.00    998.00    648.00    473.00    385.00    367.00    473.00    656.00    940.00
  228 COLIDER        1079.00   1665.00   1692.00   1595.00    888.00    656.00    528.00    431.00    412.00    512.00    753.00   1026.00
  229 TELES PIRES    3144.00   5084.00   5321.00   5444.00   2736.00   1436.00    888.00    684.00    560.00    810.00   1351.00   2220.00
  230 SAO MANOEL     3157.00   5086.00   5356.00   5492.00   2772.00   1452.00    894.00    688.00    561.00    811.00   1348.00   2241.00
  237 BARRA BONIT     698.00    413.00    488.00    325.00    184.00    187.00    144.00    227.00    192.00    352.00    453.00    636.00
  238 A.S.LIMA        776.00    467.00    544.00    380.00    219.00    223.00    175.00    269.00    227.00    406.00    494.00    704.00
  239 IBITINGA        928.00    568.00    648.00    478.00    287.00    292.00    234.00    348.00    294.00    511.00    580.00    840.00
  240 PROMISSAO      1179.00    715.00    760.00    550.00    347.00    357.00    291.00    411.00    372.00    628.00    691.00   1002.00
  241 SALTO DO RI     227.00    210.00    216.00    202.00    141.00    127.00    109.00    102.00    106.00    140.00    293.00    279.00
  242 NAVANHANDAV    1280.00    773.00    805.00    579.00    370.00    382.00    313.00    435.00    402.00    673.00    729.00   1068.00
  243 T.IRMAOS       1350.00    839.00    834.00    622.00    382.00    394.00    324.00    438.00    415.00    685.00    702.00   1115.00
  244 I.SOLT. EQV    8883.00   6975.00   7338.00   5165.00   3311.00   2896.00   2313.00   2318.00   2276.00   3491.00   6992.00   8878.00
  245 JUPIA          9567.00   7610.00   7919.00   5770.00   3854.00   3435.00   2757.00   2639.00   2642.00   3893.00   7390.00   9297.00
  246 P.PRIMAVERA   11457.00   9040.00   9394.00   7058.00   4712.00   4241.00   3526.00   3395.00   3596.00   5001.00   7872.00  10132.00
  247 CACU            249.00    235.00    255.00    208.00    142.00    112.00     90.00     75.00     77.00    117.00    274.00    287.00
  248 BARRA DOS C     260.00    244.00    266.00    217.00    148.00    117.00     94.00     79.00     80.00    121.00    285.00    299.00
  249 OURINHOS        871.00    445.00    427.00    408.00    233.00    224.00    175.00    227.00    214.00    287.00    221.00    306.00
  251 SERRA FACAO     153.00    214.00    226.00    144.00     75.00     61.00     43.00     42.00     36.00     52.00    258.00    296.00
  252 ITIQUIRA II      82.00     97.00    104.00    109.00     72.00     63.00     53.00     47.00     47.00     65.00     82.00     67.00
  253 SAO SALVADO     636.00   1404.00   1303.00    991.00    411.00    274.00    198.00    157.00    133.00    222.00    581.00   1078.00
  254 P.CAVALO         11.00     31.00     71.00     72.00     29.00     49.00     20.00      9.00      4.00      3.00      3.00    118.00
  255 IRAPE            51.00    280.00    138.00     70.00     19.00     14.00     11.00     11.00     11.00     23.00    107.00    295.00
  257 PEIXE ANGIC    1052.00   2947.00   2531.00   2024.00    709.00    438.00    311.00    251.00    195.00    346.00    866.00   1923.00
  258 MURTA            58.00    310.00    161.00     79.00     25.00     20.00     15.00     14.00     13.00     24.00    121.00    353.00
  259 ITIQUIRA I       82.00     97.00    104.00    109.00     72.00     63.00     53.00     47.00     47.00     65.00     82.00     67.00
  261 FOZ DO RIO      279.00    258.00    286.00    234.00    158.00    126.00    101.00     84.00     85.00    130.00    301.00    320.00
  262 GUILMAN-AMO      31.00    137.00    131.00     51.00     33.00     28.00     22.00     24.00     22.00     31.00     63.00    109.00
  263 P. ESTRELA       50.00    354.00    215.00    106.00     64.00     50.00     42.00     40.00     37.00     49.00    137.00    222.00
  265 TRAIRA           17.00     51.00     42.00     30.00     18.00     15.00     13.00     13.00      9.00      9.00     19.00     51.00
  266 ITAIPU        22326.00  15778.00  16407.00  13169.00   8305.00   7502.00   6049.00   6249.00   6681.00  10916.00  12489.00  13768.00
  267 BAU I            78.00    130.00    196.00    104.00     57.00     50.00     41.00     51.00     44.00     57.00    122.00    280.00
  269 BALBINA         538.00    485.00    309.00    945.00   1064.00    816.00    636.00    309.00    257.00    158.00    375.00    243.00
  270 SERRA MESA      537.00   1013.00    988.00    718.00    330.00    230.00    168.00    132.00    117.00    194.00    518.00    880.00
  271 ESTREITO TO    2788.00   7472.00   7832.00   7060.00   2265.00   1359.00    984.00    866.00    706.00   1061.00   1902.00   3889.00
  273 LAJEADO        1458.00   4461.00   3800.00   3240.00   1061.00    622.00    436.00    353.00    262.00    456.00   1111.00   2622.00
  274 S. QUEBRADA    3430.00   8892.00   9075.00   8962.00   3562.00   1566.00    939.00    697.00    534.00    737.00   1686.00   4025.00
  275 TUCURUI        9406.00  22317.00  25057.00  26298.00  11139.00   4426.00   2464.00   1741.00   1359.00   1589.00   3427.00   6987.00
  276 SANTA ISABE    5045.00  11334.00  13493.00  14636.00   6397.00   2415.00   1287.00    881.00    696.00    719.00   1470.00   2745.00
  277 CURUA-UNA       132.00    240.00    339.00    650.00    323.00    248.00    167.00    124.00    118.00     90.00    105.00    106.00
  278 MANSO           241.00    464.00    279.00    207.00     89.00     66.00     56.00     53.00     57.00     85.00    140.00    174.00
  279 SAMUEL          689.00   1016.00    885.00    923.00    402.00    155.00     56.00     98.00     44.00     57.00    246.00    296.00
  280 COARACY NUN     660.00   1246.00   1203.00   2395.00   2458.00   1833.00   1471.00    884.00    553.00    252.00    173.00    189.00
  281 PONTE PEDRA      90.00     99.00     98.00    102.00     82.00     77.00     73.00     71.00     70.00     84.00     95.00     67.00
  282 OLHO DAGUA       98.00     99.00    102.00    101.00     77.00     72.00     66.00     64.00     67.00     85.00    114.00     72.00
  283 STA CLARA M      27.00    118.00     61.00     72.00     37.00     26.00     16.00      8.00      8.00      8.00     58.00    152.00
  284 14 DE JULHO     210.00     86.00    133.00    122.00    135.00    294.00    537.00    380.00    551.00    545.00    371.00    294.00
  285 JIRAU         29972.00  36498.00  38791.00  35759.00  27309.00  18713.00   9712.00   6296.00   4634.00   5745.00  13277.00  19548.00
  286 QUEBRA QUEI      99.00     45.00     56.00     59.00     26.00     41.00     38.00     34.00     81.00    185.00     88.00     98.00
  287 STO ANTONIO   30368.00  36737.00  39355.00  36619.00  27981.00  19305.00  10037.00   6429.00   4749.00   5647.00  13157.00  19832.00
  288 PIMENTAL       6099.00  12580.00  16722.00  19519.00  13203.00   5806.00   2385.00   1300.00    965.00    937.00   1569.00   3461.00
  289 ITUMIRIM         65.00     65.00     67.00     66.00     51.00     48.00     44.00     42.00     44.00     56.00     75.00     51.00
  290 STO ANT JAR     436.00    908.00   1098.00   2797.00   3300.00   2591.00   1865.00   1132.00    728.00    419.00    253.00    285.00
  291 DARDANELOS      259.00    469.00    582.00    901.00    471.00    230.00    118.00     70.00     59.00     95.00    170.00    278.00
  292 BELO MONTE     4999.00  10980.00  12722.00  11519.00   9203.00   3806.00   1185.00    400.00    215.00    237.00    769.00   2561.00
  293 BELO MONTE     1527.00   2481.00   5171.00   9366.00   4924.00   2406.00   1367.00    991.00    818.00    766.00    910.00   1051.00
  294 SALTO           206.00    196.00    199.00    180.00    129.00    116.00    100.00     94.00     98.00    130.00    274.00    256.00
  295 JAURU            95.00     92.00     93.00     89.00     79.00     72.00     68.00     66.00     66.00     69.00     79.00     73.00
  296 GUAPORE          42.00     43.00     43.00     40.00     38.00     34.00     32.00     31.00     31.00     33.00     40.00     40.00
  297 FERREIRA GO     664.00   1255.00   1212.00   2413.00   2477.00   1850.00   1484.00    892.00    559.00    255.00    174.00    192.00
  298 STA CECILIA     160.00    160.00    160.00    124.00     81.00     73.00     56.00     75.00     58.00    110.00    160.00    160.00
  299 I. POMBOS       525.00    520.00    757.00    331.00    213.00    171.00    148.00    175.00    164.00    191.00    351.00    472.00
  300 VIGARIO           0.00      0.00      0.00      0.00      0.00      0.00      0.00      0.00      0.00      0.00      0.00      0.00
  301 BILLINGS AN      25.00     20.00     25.00     24.00     12.00     15.00     13.00     13.00     14.00     24.00     21.00     20.00
  302 PIMENTAL AR    1100.00   1600.00   4000.00   8000.00   4000.00   2000.00   1200.00    900.00    750.00    700.00    800.00    900.00
  303 FONTES           42.00     40.00     43.00     17.00     17.00     15.00     11.00      6.00      6.00     11.00     39.00     43.00
  304 SANTANA           0.00      0.00      0.00      0.00      0.00      0.00      0.00      0.00      0.00      0.00      0.00      0.00
  306 P. PASSOS       186.00    184.00    187.00    148.00    104.00     93.00     71.00     83.00     66.00    124.00    183.00    187.00
  313 ITAGUACU        320.00    358.00    362.00    280.00    196.00    154.00    129.00    112.00    115.00    142.00    184.00    217.00
  314 ITAOCARA I      559.00    553.00    802.00    353.00    228.00    183.00    158.00    187.00    175.00    206.00    376.00    530.00
  315 SANTANA         169.00    167.00    170.00    131.00     87.00     78.00     60.00     77.00     60.00    113.00    166.00    170.00
  316 VIGARIO         169.00    167.00    170.00    131.00     87.00     78.00     60.00     77.00     60.00    113.00    166.00    170.00
  317 TOCOS             0.00      0.00      0.00      0.00      0.00      0.00      0.00      0.00      0.00      0.00      0.00      0.00
  318 HENRY BORDE      69.00     53.00     68.00     60.00     34.00     38.00     33.00     35.00     38.00     60.00     53.00     46.00
  319 BILLINGS         63.00     48.00     62.00     55.00     31.00     35.00     30.00     32.00     34.00     54.00     48.00     38.00
  320 BILLINGS_PE      31.00     25.00     31.00     29.00     15.00     18.00     16.00     16.00     17.00     29.00     26.00     21.00
