 NUMERO DE PATAMARES
 XX
  3
ANO   DURACAO MENSAL DOS PATAMARES DE CARGA
      JAN     FEV     MAR     ABR     MAI     JUN     JUL     AGO     SET     OUT     NOV     DEZ   
      X.XXXX  X.XXXX  X.XXXX  X.XXXX  X.XXXX  X.XXXX  X.XXXX  X.XXXX  X.XXXX  X.XXXX  X.XXXX  X.XXXX
2018  0.1048  0.1025  0.1048  0.1000  0.1008  0.1083  0.1048  0.1089  0.1000  0.1048  0.1001  0.1008  
      0.5229  0.5171  0.5229  0.5083  0.5108  0.5334  0.5229  0.5349  0.5083  0.5229  0.5091  0.5108  
      0.3723  0.3804  0.3723  0.3917  0.3884  0.3583  0.3723  0.3562  0.3917  0.3723  0.3908  0.3884  
2019  0.1048  0.1070  0.1008  0.1042  0.1048  0.1000  0.1089  0.1089  0.1000  0.1048  0.1001  0.1008  
      0.5229  0.5304  0.5108  0.5208  0.5229  0.5083  0.5349  0.5349  0.5083  0.5229  0.5091  0.5108  
      0.3723  0.3626  0.3884  0.3750  0.3723  0.3917  0.3562  0.3562  0.3917  0.3723  0.3908  0.3884  
2020  0.1048  0.1033  0.1048  0.1000  0.1008  0.1042  0.1089  0.1048  0.1042  0.1048  0.1001  0.1048  
      0.5229  0.5194  0.5229  0.5083  0.5108  0.5208  0.5349  0.5229  0.5208  0.5229  0.5091  0.5229  
      0.3723  0.3773  0.3723  0.3917  0.3884  0.3750  0.3562  0.3723  0.3750  0.3723  0.3908  0.3723  
2021  0.1008  0.1025  0.1089  0.1000  0.1008  0.1042  0.1089  0.1048  0.1042  0.1048  0.1001  0.1008  
      0.5108  0.5171  0.5349  0.5083  0.5108  0.5208  0.5349  0.5229  0.5208  0.5229  0.5091  0.5108  
      0.3884  0.3804  0.3562  0.3917  0.3884  0.3750  0.3562  0.3723  0.3750  0.3723  0.3908  0.3884  
2022  0.1008  0.1070  0.1048  0.1000  0.1048  0.1042  0.1048  0.1089  0.1042  0.1008  0.1001  0.1089  
      0.5108  0.5304  0.5229  0.5083  0.5229  0.5208  0.5229  0.5349  0.5208  0.5108  0.5091  0.5349  
      0.3884  0.3626  0.3723  0.3917  0.3723  0.3750  0.3723  0.3562  0.3750  0.3884  0.3908  0.3562  
 SUBSISTEMA
 XXX
    ANO                       CARGA(P.U.DEMANDA MED.)
   XXXX X.XXXX X.XXXX X.XXXX X.XXXX X.XXXX X.XXXX X.XXXX X.XXXX X.XXXX X.XXXX X.XXXX X.XXXX
   1
   2018 1.1137 1.0923 1.1228 1.1593 1.2037 1.1884 1.2019 1.1818 1.1737 1.1376 1.1278 1.1007
        1.0865 1.0815 1.0825 1.0899 1.0925 1.0773 1.0831 1.0795 1.0906 1.0879 1.0904 1.0795
        0.8466 0.8644 0.8495 0.8427 0.8255 0.8280 0.8265 0.8250 0.8381 0.8378 0.8495 0.8693
   2019 1.1137 1.0880 1.1272 1.1542 1.1980 1.1995 1.1964 1.1818 1.1737 1.1376 1.1278 1.1007
        1.0865 1.0773 1.0868 1.0851 1.0873 1.0874 1.0781 1.0795 1.0906 1.0879 1.0904 1.0795
        0.8466 0.8610 0.8528 0.8390 0.8216 0.8357 0.8227 0.8250 0.8381 0.8378 0.8495 0.8693
   2020 1.1137 1.0915 1.1228 1.1593 1.2037 1.1939 1.1964 1.1872 1.1684 1.1376 1.1278 1.0969
        1.0865 1.0808 1.0825 1.0899 1.0925 1.0823 1.0781 1.0844 1.0856 1.0879 1.0904 1.0758
        0.8466 0.8638 0.8495 0.8427 0.8255 0.8318 0.8227 0.8288 0.8343 0.8378 0.8495 0.8663
   2021 1.1181 1.0923 1.1184 1.1593 1.2037 1.1939 1.1964 1.1872 1.1684 1.1376 1.1278 1.1007
        1.0908 1.0815 1.0783 1.0899 1.0925 1.0823 1.0781 1.0844 1.0856 1.0879 1.0904 1.0795
        0.8499 0.8644 0.8462 0.8427 0.8255 0.8318 0.8227 0.8288 0.8343 0.8378 0.8495 0.8693
   2022 1.1181 1.0880 1.1228 1.1593 1.1980 1.1939 1.2019 1.1818 1.1684 1.1424 1.1278 1.0931
        1.0908 1.0773 1.0825 1.0899 1.0873 1.0823 1.0831 1.0795 1.0856 1.0925 1.0904 1.0721
        0.8499 0.8610 0.8495 0.8427 0.8216 0.8318 0.8265 0.8250 0.8343 0.8413 0.8495 0.8633
   2
   2018 1.0243 1.0103 1.0761 1.1501 1.1758 1.1781 1.1881 1.1617 1.1728 1.1258 1.0679 1.0493
        1.1166 1.1082 1.1124 1.1254 1.1252 1.1109 1.1248 1.1144 1.1234 1.1264 1.1271 1.1080
        0.8294 0.8501 0.8207 0.7989 0.7898 0.7810 0.7718 0.7787 0.7957 0.7870 0.8170 0.8452
   2019 1.0243 1.0061 1.0811 1.1437 1.1693 1.1919 1.1811 1.1617 1.1728 1.1258 1.0679 1.0493
        1.1166 1.1036 1.1175 1.1192 1.1189 1.1239 1.1181 1.1144 1.1234 1.1264 1.1271 1.1080
        0.8294 0.8466 0.8244 0.7945 0.7854 0.7902 0.7672 0.7787 0.7957 0.7870 0.8170 0.8452
   2020 1.0243 1.0095 1.0761 1.1501 1.1758 1.1850 1.1811 1.1683 1.1662 1.1258 1.0679 1.0452
        1.1166 1.1074 1.1124 1.1254 1.1252 1.1174 1.1181 1.1207 1.1171 1.1264 1.1271 1.1035
        0.8294 0.8495 0.8207 0.7989 0.7898 0.7856 0.7672 0.7831 0.7912 0.7870 0.8170 0.8419
   2021 1.0287 1.0103 1.0713 1.1501 1.1758 1.1850 1.1811 1.1683 1.1662 1.1258 1.0679 1.0493
        1.1214 1.1082 1.1074 1.1254 1.1252 1.1174 1.1181 1.1207 1.1171 1.1264 1.1271 1.1080
        0.8329 0.8501 0.8170 0.7989 0.7898 0.7856 0.7672 0.7831 0.7912 0.7870 0.8170 0.8452
   2022 1.0287 1.0061 1.0761 1.1501 1.1693 1.1850 1.1881 1.1617 1.1662 1.1320 1.0679 1.0410
        1.1214 1.1036 1.1124 1.1254 1.1189 1.1174 1.1248 1.1144 1.1171 1.1326 1.1271 1.0992
        0.8329 0.8466 0.8207 0.7989 0.7854 0.7856 0.7718 0.7787 0.7912 0.7913 0.8170 0.8385
   3
   2018 1.0820 1.0922 1.0914 1.0924 1.0960 1.1054 1.1112 1.1050 1.1075 1.0970 1.0914 1.0944
        1.0530 1.0537 1.0622 1.0709 1.0699 1.0594 1.0644 1.0636 1.0714 1.0728 1.0601 1.0499
        0.9024 0.9022 0.8870 0.8844 0.8831 0.8797 0.8783 0.8724 0.8800 0.8705 0.8983 0.9098
   2019 1.0820 1.0891 1.0946 1.0889 1.0926 1.1125 1.1076 1.1050 1.1075 1.0970 1.0914 1.0944
        1.0530 1.0507 1.0653 1.0675 1.0666 1.0662 1.0610 1.0636 1.0714 1.0728 1.0601 1.0499
        0.9024 0.8996 0.8896 0.8816 0.8804 0.8854 0.8755 0.8724 0.8800 0.8705 0.8983 0.9098
   2020 1.0820 1.0916 1.0914 1.0924 1.0960 1.1089 1.1076 1.1086 1.1038 1.0970 1.0914 1.0918
        1.0530 1.0531 1.0622 1.0709 1.0699 1.0628 1.0610 1.0671 1.0678 1.0728 1.0601 1.0474
        0.9024 0.9017 0.8870 0.8844 0.8831 0.8825 0.8755 0.8752 0.8770 0.8705 0.8983 0.9076
   2021 1.0848 1.0922 1.0882 1.0924 1.0960 1.1089 1.1076 1.1086 1.1038 1.0970 1.0914 1.0944
        1.0557 1.0537 1.0591 1.0709 1.0699 1.0628 1.0610 1.0671 1.0678 1.0728 1.0601 1.0499
        0.9047 0.9022 0.8844 0.8844 0.8831 0.8825 0.8755 0.8752 0.8770 0.8705 0.8983 0.9098
   2022 1.0848 1.0891 1.0914 1.0924 1.0926 1.1089 1.1112 1.1050 1.1038 1.1006 1.0914 1.0891
        1.0557 1.0507 1.0622 1.0709 1.0666 1.0628 1.0644 1.0636 1.0678 1.0764 1.0601 1.0448
        0.9047 0.8996 0.8870 0.8844 0.8804 0.8825 0.8783 0.8724 0.8770 0.8734 0.8983 0.9054
   4
   2018 1.0617 1.0578 1.0564 1.0609 1.0817 1.0753 1.0726 1.0619 1.0637 1.0683 1.0663 1.0689
        1.0205 1.0187 1.0236 1.0272 1.0344 1.0241 1.0262 1.0246 1.0257 1.0230 1.0190 1.0158
        0.9538 0.9591 0.9509 0.9491 0.9336 0.9413 0.9427 0.9442 0.9504 0.9485 0.9582 0.9614
   2019 1.0617 1.0565 1.0578 1.0593 1.0798 1.0788 1.0710 1.0619 1.0637 1.0683 1.0663 1.0689
        1.0205 1.0174 1.0250 1.0257 1.0325 1.0274 1.0247 1.0246 1.0257 1.0230 1.0190 1.0158
        0.9538 0.9579 0.9522 0.9478 0.9319 0.9444 0.9413 0.9442 0.9504 0.9485 0.9582 0.9614
   2020 1.0617 1.0575 1.0564 1.0609 1.0817 1.0770 1.0710 1.0634 1.0622 1.0683 1.0663 1.0677
        1.0205 1.0185 1.0236 1.0272 1.0344 1.0257 1.0247 1.0261 1.0242 1.0230 1.0190 1.0147
        0.9538 0.9588 0.9509 0.9491 0.9336 0.9428 0.9413 0.9455 0.9490 0.9485 0.9582 0.9603
   2021 1.0630 1.0578 1.0550 1.0609 1.0817 1.0770 1.0710 1.0634 1.0622 1.0683 1.0663 1.0689
        1.0218 1.0187 1.0223 1.0272 1.0344 1.0257 1.0247 1.0261 1.0242 1.0230 1.0190 1.0158
        0.9550 0.9591 0.9497 0.9491 0.9336 0.9428 0.9413 0.9455 0.9490 0.9485 0.9582 0.9614
   2022 1.0630 1.0565 1.0564 1.0609 1.0798 1.0770 1.0726 1.0619 1.0622 1.0698 1.0663 1.0665
        1.0218 1.0174 1.0236 1.0272 1.0325 1.0257 1.0262 1.0246 1.0242 1.0244 1.0190 1.0136
        0.9550 0.9579 0.9509 0.9491 0.9319 0.9428 0.9427 0.9442 0.9490 0.9498 0.9582 0.9593
9999
 SUBSISTEMA
   A ->B
 XXX XXX
                             INTERCAMBIO(P.U.INTERC.MEDIO)
 X.XXXX X.XXXX X.XXXX X.XXXX X.XXXX X.XXXX X.XXXX X.XXXX X.XXXX X.XXXX X.XXXX X.XXXX
   1   2
   2018 1.0000 1.0000 1.0000 1.0000 1.0000 1.0000 1.0000 1.0000 1.0000 1.0000 1.0000 1.0334
        1.0000 1.0000 1.0000 1.0000 1.0000 1.0000 1.0000 1.0000 1.0000 1.0000 1.0000 1.0334
        1.0000 1.0000 1.0000 1.0000 1.0000 1.0000 1.0000 1.0000 1.0000 1.0000 1.0000 0.9473
   2019 1.0320 1.0000 1.0000 1.0000 1.0000 1.0000 1.0000 1.0000 1.0070 1.0067 1.0070 1.0070
        1.0320 1.0000 1.0000 1.0000 1.0000 1.0000 1.0000 1.0000 1.0070 1.0067 1.0070 1.0070
        0.9460 1.0000 1.0000 1.0000 1.0000 1.0000 1.0000 1.0000 0.9891 0.9887 0.9890 0.9890
   2020 1.0067 1.0068 1.0067 1.0070 1.0070 1.0067 1.0064 1.0067 1.0067 1.0067 1.0070 1.0067
        1.0067 1.0068 1.0067 1.0070 1.0070 1.0067 1.0064 1.0067 1.0067 1.0067 1.0070 1.0067
        0.9887 0.9888 0.9887 0.9891 0.9890 0.9888 0.9884 0.9887 0.9888 0.9887 0.9890 0.9887
   2021 1.0070 1.0068 1.0064 1.0070 1.0070 1.0067 1.0064 1.0067 1.0067 1.0067 1.0070 1.0070
        1.0070 1.0068 1.0064 1.0070 1.0070 1.0067 1.0064 1.0067 1.0067 1.0067 1.0070 1.0070
        0.9890 0.9889 0.9884 0.9891 0.9890 0.9888 0.9884 0.9887 0.9888 0.9887 0.9890 0.9890
   2022 1.0070 1.0065 1.0067 1.0070 1.0067 1.0067 1.0067 1.0064 1.0408 1.0423 1.0426 1.0387
        1.0070 1.0065 1.0067 1.0070 1.0067 1.0067 1.0067 1.0064 1.0408 1.0423 1.0426 1.0387
        0.9890 0.9885 0.9887 0.9891 0.9887 0.9888 0.9887 0.9884 0.9320 0.9334 0.9336 0.9301
   2   1
   2018 1.0000 1.0000 1.0000 1.0000 1.0000 1.0000 1.0000 1.0000 1.0000 0.9865 0.9864 1.2506
        1.0000 1.0000 1.0000 1.0000 1.0000 1.0000 1.0000 1.0000 1.0000 1.0008 1.0007 1.0053
        1.0000 1.0000 1.0000 1.0000 1.0000 1.0000 1.0000 1.0000 1.0000 1.0026 1.0025 0.9280
   2019 1.2479 0.9865 0.9864 0.9864 0.9865 0.9864 0.9865 0.9865 1.0176 1.0167 1.0175 1.0174
        1.0031 1.0009 1.0008 1.0008 1.0008 1.0007 1.0009 1.0009 1.0176 1.0167 1.0175 1.0174
        0.9259 1.0027 1.0025 1.0026 1.0026 1.0025 1.0027 1.0027 0.9727 0.9718 0.9727 0.9725
   2020 1.0167 1.0169 1.0167 1.0176 1.0174 1.0168 1.0160 1.0167 1.0168 1.0167 1.0175 1.0167
        1.0167 1.0169 1.0167 1.0176 1.0174 1.0168 1.0160 1.0167 1.0168 1.0167 1.0175 1.0167
        0.9718 0.9721 0.9718 0.9727 0.9725 0.9720 0.9711 0.9718 0.9720 0.9718 0.9727 0.9718
   2021 1.0174 1.0171 1.0160 1.0176 1.0174 1.0168 1.0160 1.0167 1.0168 1.0167 1.0175 1.0174
        1.0174 1.0171 1.0160 1.0176 1.0174 1.0168 1.0160 1.0167 1.0168 1.0167 1.0175 1.0174
        0.9725 0.9722 0.9711 0.9727 0.9725 0.9720 0.9711 0.9718 0.9720 0.9718 0.9727 0.9725
   2022 1.0174 1.0163 1.0167 1.0176 1.0167 1.0168 1.0167 1.0160 1.0157 1.0162 1.0163 1.0149
        1.0174 1.0163 1.0167 1.0176 1.0167 1.0168 1.0167 1.0160 1.0157 1.0162 1.0163 1.0149
        0.9725 0.9714 0.9718 0.9727 0.9718 0.9720 0.9718 0.9711 0.9739 0.9745 0.9746 0.9731
   1  11
   2018 1.0000 1.0000 1.0000 1.0000 1.0000 1.0000 1.0000 1.0000 1.0000 1.0000 1.0000 1.0000
        1.0000 1.0000 1.0000 1.0000 1.0000 1.0000 1.0000 1.0000 1.0000 1.0000 1.0000 1.0000
        1.0000 1.0000 1.0000 1.0000 1.0000 1.0000 1.0000 1.0000 1.0000 1.0000 1.0000 1.0000
   2019 1.0000 1.0000 1.0000 1.0000 1.0000 1.0000 1.0000 1.0000 1.0000 1.0000 1.0000 1.0000
        1.0000 1.0000 1.0000 1.0000 1.0000 1.0000 1.0000 1.0000 1.0000 1.0000 1.0000 1.0000
        1.0000 1.0000 1.0000 1.0000 1.0000 1.0000 1.0000 1.0000 1.0000 1.0000 1.0000 1.0000
   2020 1.0000 1.0000 1.0000 1.0000 1.0000 1.0000 1.0000 1.0000 1.0000 1.0000 1.0000 1.0000
        1.0000 1.0000 1.0000 1.0000 1.0000 1.0000 1.0000 1.0000 1.0000 1.0000 1.0000 1.0000
        1.0000 1.0000 1.0000 1.0000 1.0000 1.0000 1.0000 1.0000 1.0000 1.0000 1.0000 1.0000
   2021 1.0000 1.0000 1.0000 1.0000 1.0000 1.0000 1.0000 1.0000 1.0000 1.0000 1.0000 1.0000
        1.0000 1.0000 1.0000 1.0000 1.0000 1.0000 1.0000 1.0000 1.0000 1.0000 1.0000 1.0000
        1.0000 1.0000 1.0000 1.0000 1.0000 1.0000 1.0000 1.0000 1.0000 1.0000 1.0000 1.0000
   2022 1.0000 1.0000 1.0000 1.0000 1.0000 1.0000 1.0000 1.0000 1.0000 1.0000 1.0000 1.0000
        1.0000 1.0000 1.0000 1.0000 1.0000 1.0000 1.0000 1.0000 1.0000 1.0000 1.0000 1.0000
        1.0000 1.0000 1.0000 1.0000 1.0000 1.0000 1.0000 1.0000 1.0000 1.0000 1.0000 1.0000
  11   1
   2018 1.0000 1.0000 1.0000 1.0000 1.0000 1.0000 1.0000 1.0000 1.0000 1.0213 1.0000 2.2133
        1.0000 1.0000 1.0000 1.0000 1.0000 1.0000 1.0000 1.0000 1.0000 1.0213 1.0000 1.3571
        1.0000 1.0000 1.0000 1.0000 1.0000 1.0000 1.0000 1.0000 1.0000 0.9639 1.0000 0.2155
   2019 2.1661 1.0000 1.0000 1.0000 1.0000 1.0000 1.0000 1.0000 1.0000 1.0000 1.0000 1.0000
        1.3281 1.0000 1.0000 1.0000 1.0000 1.0000 1.0000 1.0000 1.0000 1.0000 1.0000 1.0000
        0.2109 1.0000 1.0000 1.0000 1.0000 1.0000 1.0000 1.0000 1.0000 1.0000 1.0000 1.0000
   2020 1.0000 1.0000 1.0000 1.0000 1.0000 1.0000 1.0000 1.0000 1.0000 1.0000 1.0000 1.0000
        1.0000 1.0000 1.0000 1.0000 1.0000 1.0000 1.0000 1.0000 1.0000 1.0000 1.0000 1.0000
        1.0000 1.0000 1.0000 1.0000 1.0000 1.0000 1.0000 1.0000 1.0000 1.0000 1.0000 1.0000
   2021 1.0000 1.0000 1.0000 1.0000 1.0000 1.0000 1.0000 1.0000 1.0000 1.0000 1.0000 1.0000
        1.0000 1.0000 1.0000 1.0000 1.0000 1.0000 1.0000 1.0000 1.0000 1.0000 1.0000 1.0000
        1.0000 1.0000 1.0000 1.0000 1.0000 1.0000 1.0000 1.0000 1.0000 1.0000 1.0000 1.0000
   2022 1.0000 1.0000 1.0000 1.0000 1.0000 1.0000 1.0000 1.0000 1.0000 1.0000 1.0000 1.0000
        1.0000 1.0000 1.0000 1.0000 1.0000 1.0000 1.0000 1.0000 1.0000 1.0000 1.0000 1.0000
        1.0000 1.0000 1.0000 1.0000 1.0000 1.0000 1.0000 1.0000 1.0000 1.0000 1.0000 1.0000
   3  11
   2018 1.0000 1.0000 1.0000 1.0000 1.0000 1.0000 1.0000 1.0000 1.0000 1.0000 1.0000 1.0000
        1.0000 1.0000 1.0000 1.0000 1.0000 1.0000 1.0000 1.0000 1.0000 1.0000 1.0000 1.0000
        1.0000 1.0000 1.0000 1.0000 1.0000 1.0000 1.0000 1.0000 1.0000 1.0000 1.0000 1.0000
   2019 1.0000 1.0000 1.0000 1.0000 1.0000 1.0000 1.0000 1.0000 1.0000 1.0000 1.0000 1.0000
        1.0000 1.0000 1.0000 1.0000 1.0000 1.0000 1.0000 1.0000 1.0000 1.0000 1.0000 1.0000
        1.0000 1.0000 1.0000 1.0000 1.0000 1.0000 1.0000 1.0000 1.0000 1.0000 1.0000 1.0000
   2020 1.0000 1.0000 1.0000 1.0000 1.0000 1.0000 1.0000 1.0000 1.0000 1.0000 1.0000 1.0000
        1.0000 1.0000 1.0000 1.0000 1.0000 1.0000 1.0000 1.0000 1.0000 1.0000 1.0000 1.0000
        1.0000 1.0000 1.0000 1.0000 1.0000 1.0000 1.0000 1.0000 1.0000 1.0000 1.0000 1.0000
   2021 1.0000 1.0000 1.0000 1.0000 1.0000 1.0000 1.0000 1.0000 1.0000 1.0000 1.0000 1.0000
        1.0000 1.0000 1.0000 1.0000 1.0000 1.0000 1.0000 1.0000 1.0000 1.0000 1.0000 1.0000
        1.0000 1.0000 1.0000 1.0000 1.0000 1.0000 1.0000 1.0000 1.0000 1.0000 1.0000 1.0000
   2022 1.0000 1.0000 1.0000 1.0000 1.0000 1.0000 1.0000 1.0000 1.0000 1.0000 1.0000 1.0000
        1.0000 1.0000 1.0000 1.0000 1.0000 1.0000 1.0000 1.0000 1.0000 1.0000 1.0000 1.0000
        1.0000 1.0000 1.0000 1.0000 1.0000 1.0000 1.0000 1.0000 1.0000 1.0000 1.0000 1.0000
  11   3
   2018 1.0000 1.0000 1.0000 1.0000 1.0000 1.0000 1.0000 1.0000 1.0000 1.0000 1.0000 1.0000
        1.0000 1.0000 1.0000 1.0000 1.0000 1.0000 1.0000 1.0000 1.0000 1.0000 1.0000 1.0000
        1.0000 1.0000 1.0000 1.0000 1.0000 1.0000 1.0000 1.0000 1.0000 1.0000 1.0000 1.0000
   2019 1.0000 1.0000 1.0000 1.0000 1.0000 1.0000 1.0000 1.0000 1.0000 1.0000 1.0000 1.0000
        1.0000 1.0000 1.0000 1.0000 1.0000 1.0000 1.0000 1.0000 1.0000 1.0000 1.0000 1.0000
        1.0000 1.0000 1.0000 1.0000 1.0000 1.0000 1.0000 1.0000 1.0000 1.0000 1.0000 1.0000
   2020 1.0000 1.0000 1.0000 1.0000 1.0000 1.0000 1.0000 1.0000 1.0000 1.0000 1.0000 1.0000
        1.0000 1.0000 1.0000 1.0000 1.0000 1.0000 1.0000 1.0000 1.0000 1.0000 1.0000 1.0000
        1.0000 1.0000 1.0000 1.0000 1.0000 1.0000 1.0000 1.0000 1.0000 1.0000 1.0000 1.0000
   2021 1.0000 1.0000 1.0000 1.0000 1.0000 1.0000 1.0000 1.0000 1.0000 1.0000 1.0000 1.0000
        1.0000 1.0000 1.0000 1.0000 1.0000 1.0000 1.0000 1.0000 1.0000 1.0000 1.0000 1.0000
        1.0000 1.0000 1.0000 1.0000 1.0000 1.0000 1.0000 1.0000 1.0000 1.0000 1.0000 1.0000
   2022 1.0000 1.0000 1.0000 1.0000 1.0000 1.0000 1.0000 1.0000 1.0000 1.0000 1.0000 1.0000
        1.0000 1.0000 1.0000 1.0000 1.0000 1.0000 1.0000 1.0000 1.0000 1.0000 1.0000 1.0000
        1.0000 1.0000 1.0000 1.0000 1.0000 1.0000 1.0000 1.0000 1.0000 1.0000 1.0000 1.0000
   4  11
   2018 1.0000 1.0000 1.0000 1.0000 1.0000 1.0000 1.0000 1.0000 1.0000 1.0000 1.0000 1.0000
        1.0000 1.0000 1.0000 1.0000 1.0000 1.0000 1.0000 1.0000 1.0000 1.0000 1.0000 1.0000
        1.0000 1.0000 1.0000 1.0000 1.0000 1.0000 1.0000 1.0000 1.0000 1.0000 1.0000 1.0000
   2019 1.0000 1.0000 1.0000 1.0000 1.0000 1.0000 1.0000 1.0000 1.0000 1.0000 1.0000 1.0000
        1.0000 1.0000 1.0000 1.0000 1.0000 1.0000 1.0000 1.0000 1.0000 1.0000 1.0000 1.0000
        1.0000 1.0000 1.0000 1.0000 1.0000 1.0000 1.0000 1.0000 1.0000 1.0000 1.0000 1.0000
   2020 1.0000 1.0000 1.0000 1.0000 1.0000 1.0000 1.0000 1.0000 1.0000 1.0000 1.0000 1.0000
        1.0000 1.0000 1.0000 1.0000 1.0000 1.0000 1.0000 1.0000 1.0000 1.0000 1.0000 1.0000
        1.0000 1.0000 1.0000 1.0000 1.0000 1.0000 1.0000 1.0000 1.0000 1.0000 1.0000 1.0000
   2021 1.0000 1.0000 1.0000 1.0000 1.0000 1.0000 1.0000 1.0000 1.0000 1.0000 1.0000 1.0000
        1.0000 1.0000 1.0000 1.0000 1.0000 1.0000 1.0000 1.0000 1.0000 1.0000 1.0000 1.0000
        1.0000 1.0000 1.0000 1.0000 1.0000 1.0000 1.0000 1.0000 1.0000 1.0000 1.0000 1.0000
   2022 1.0000 1.0000 1.0000 1.0000 1.0000 1.0000 1.0000 1.0000 1.0000 1.0000 1.0000 1.0000
        1.0000 1.0000 1.0000 1.0000 1.0000 1.0000 1.0000 1.0000 1.0000 1.0000 1.0000 1.0000
        1.0000 1.0000 1.0000 1.0000 1.0000 1.0000 1.0000 1.0000 1.0000 1.0000 1.0000 1.0000
  11   4
   2018 1.0000 1.0000 1.0000 1.0000 1.0000 1.0000 1.0000 1.0000 1.0000 1.0868 1.0845 1.0883
        1.0000 1.0000 1.0000 1.0000 1.0000 1.0000 1.0000 1.0000 1.0000 1.0291 1.0243 1.0202
        1.0000 1.0000 1.0000 1.0000 1.0000 1.0000 1.0000 1.0000 1.0000 0.9343 0.9468 0.9505
   2019 1.0783 1.0715 1.0728 1.0747 1.1006 1.1002 1.0901 1.0776 1.0796 1.0857 1.0834 1.0870
        1.0260 1.0220 1.0315 1.0324 1.0410 1.0348 1.0313 1.0308 1.0321 1.0288 1.0239 1.0199
        0.9414 0.9467 0.9398 0.9343 0.9141 0.9293 0.9255 0.9300 0.9380 0.9354 0.9475 0.9512
   2020 1.0771 1.0718 1.0700 1.0755 1.1014 1.0964 1.0886 1.0783 1.0766 1.0844 1.0821 1.0842
        1.0256 1.0230 1.0293 1.0337 1.0427 1.0322 1.0308 1.0322 1.0298 1.0284 1.0235 1.0183
        0.9423 0.9487 0.9391 0.9369 0.9176 0.9285 0.9266 0.9327 0.9373 0.9363 0.9483 0.9506
   2021 1.0775 1.0709 1.0672 1.0744 1.0999 1.0949 1.0873 1.0772 1.0756 1.0832 1.0809 1.0844
        1.0268 1.0229 1.0273 1.0333 1.0421 1.0317 1.0303 1.0318 1.0294 1.0280 1.0232 1.0193
        0.9446 0.9498 0.9385 0.9378 0.9188 0.9296 0.9277 0.9336 0.9382 0.9372 0.9490 0.9527
   2022 1.0764 1.0684 1.0681 1.0735 1.0963 1.0936 1.0881 1.0744 1.0746 1.0839 1.0799 1.0804
        1.0264 1.0211 1.0285 1.0328 1.0392 1.0313 1.0318 1.0295 1.0290 1.0293 1.0229 1.0164
        0.9454 0.9490 0.9408 0.9387 0.9178 0.9305 0.9305 0.9329 0.9390 0.9396 0.9497 0.9508
   1   3
   2018 1.0000 1.0000 1.0000 1.0000 1.0000 1.0000 1.0000 1.0000 1.0000 1.0000 1.0000 1.0000
        1.0000 1.0000 1.0000 1.0000 1.0000 1.0000 1.0000 1.0000 1.0000 1.0000 1.0000 1.0000
        1.0000 1.0000 1.0000 1.0000 1.0000 1.0000 1.0000 1.0000 1.0000 1.0000 1.0000 1.0000
   2019 1.0000 1.0000 1.0000 1.0000 1.0000 1.0000 1.0000 1.0000 1.0000 1.0000 1.0000 1.0000
        1.0000 1.0000 1.0000 1.0000 1.0000 1.0000 1.0000 1.0000 1.0000 1.0000 1.0000 1.0000
        1.0000 1.0000 1.0000 1.0000 1.0000 1.0000 1.0000 1.0000 1.0000 1.0000 1.0000 1.0000
   2020 1.0000 1.0000 1.0000 1.0000 1.0000 1.0000 1.0000 1.0000 1.0000 1.0000 1.0000 1.0000
        1.0000 1.0000 1.0000 1.0000 1.0000 1.0000 1.0000 1.0000 1.0000 1.0000 1.0000 1.0000
        1.0000 1.0000 1.0000 1.0000 1.0000 1.0000 1.0000 1.0000 1.0000 1.0000 1.0000 1.0000
   2021 1.0000 1.0000 1.0000 1.0000 1.0000 1.0000 1.0000 1.0000 1.0000 1.0000 1.0000 1.0000
        1.0000 1.0000 1.0000 1.0000 1.0000 1.0000 1.0000 1.0000 1.0000 1.0000 1.0000 1.0000
        1.0000 1.0000 1.0000 1.0000 1.0000 1.0000 1.0000 1.0000 1.0000 1.0000 1.0000 1.0000
   2022 1.0000 1.0000 1.0000 1.0000 1.0000 1.0000 1.0000 1.0000 1.0000 1.0000 1.0000 1.0000
        1.0000 1.0000 1.0000 1.0000 1.0000 1.0000 1.0000 1.0000 1.0000 1.0000 1.0000 1.0000
        1.0000 1.0000 1.0000 1.0000 1.0000 1.0000 1.0000 1.0000 1.0000 1.0000 1.0000 1.0000
   3   1
   2018 1.0000 1.0000 1.0000 1.0000 1.0000 1.0000 1.0000 1.0000 1.0000 1.0000 1.0000 1.0000
        1.0000 1.0000 1.0000 1.0000 1.0000 1.0000 1.0000 1.0000 1.0000 1.0000 1.0000 1.0000
        1.0000 1.0000 1.0000 1.0000 1.0000 1.0000 1.0000 1.0000 1.0000 1.0000 1.0000 1.0000
   2019 1.0000 1.0000 1.0000 1.0000 1.0000 1.0000 1.0000 1.0000 1.0000 1.0000 1.0000 1.0000
        1.0000 1.0000 1.0000 1.0000 1.0000 1.0000 1.0000 1.0000 1.0000 1.0000 1.0000 1.0000
        1.0000 1.0000 1.0000 1.0000 1.0000 1.0000 1.0000 1.0000 1.0000 1.0000 1.0000 1.0000
   2020 1.0000 1.0000 1.0000 1.0000 1.0000 1.0000 1.0000 1.0000 1.0000 1.0000 1.0000 1.0000
        1.0000 1.0000 1.0000 1.0000 1.0000 1.0000 1.0000 1.0000 1.0000 1.0000 1.0000 1.0000
        1.0000 1.0000 1.0000 1.0000 1.0000 1.0000 1.0000 1.0000 1.0000 1.0000 1.0000 1.0000
   2021 1.0000 1.0000 1.0000 1.0000 1.0000 1.0000 1.0000 1.0000 1.0000 1.0000 1.0000 1.0000
        1.0000 1.0000 1.0000 1.0000 1.0000 1.0000 1.0000 1.0000 1.0000 1.0000 1.0000 1.0000
        1.0000 1.0000 1.0000 1.0000 1.0000 1.0000 1.0000 1.0000 1.0000 1.0000 1.0000 1.0000
   2022 1.0000 1.0000 1.0151 1.0159 1.0151 1.0152 1.0151 1.0145 1.0152 1.0158 1.0159 1.0145
        1.0000 1.0000 1.0151 1.0159 1.0151 1.0152 1.0151 1.0145 1.0152 1.0158 1.0159 1.0145
        1.0000 1.0000 0.9745 0.9753 0.9745 0.9746 0.9745 0.9739 0.9746 0.9751 0.9752 0.9739
   1   4
   2018 1.0000 1.0000 1.0000 1.0000 1.0000 1.0000 1.0000 1.0000 1.0000 1.0000 1.0000 1.0000
        1.0000 1.0000 1.0000 1.0000 1.0000 1.0000 1.0000 1.0000 1.0000 1.0000 1.0000 1.0000
        1.0000 1.0000 1.0000 1.0000 1.0000 1.0000 1.0000 1.0000 1.0000 1.0000 1.0000 1.0000
   2019 1.0000 1.0000 1.0000 1.0000 1.0000 1.0000 1.0000 1.0000 1.0000 1.0000 1.0000 1.0000
        1.0000 1.0000 1.0000 1.0000 1.0000 1.0000 1.0000 1.0000 1.0000 1.0000 1.0000 1.0000
        1.0000 1.0000 1.0000 1.0000 1.0000 1.0000 1.0000 1.0000 1.0000 1.0000 1.0000 1.0000
   2020 1.0000 1.0000 1.0000 1.0000 1.0000 1.0000 1.0000 1.0000 1.0000 1.0000 1.0000 1.0000
        1.0000 1.0000 1.0000 1.0000 1.0000 1.0000 1.0000 1.0000 1.0000 1.0000 1.0000 1.0000
        1.0000 1.0000 1.0000 1.0000 1.0000 1.0000 1.0000 1.0000 1.0000 1.0000 1.0000 1.0000
   2021 1.0000 1.0000 1.0000 1.0000 1.0000 1.0000 1.0000 1.0000 1.0000 1.0000 1.0000 1.0000
        1.0000 1.0000 1.0000 1.0000 1.0000 1.0000 1.0000 1.0000 1.0000 1.0000 1.0000 1.0000
        1.0000 1.0000 1.0000 1.0000 1.0000 1.0000 1.0000 1.0000 1.0000 1.0000 1.0000 1.0000
   2022 1.0000 1.0000 1.0000 1.0000 1.0000 1.0000 1.0000 1.0000 1.0000 1.0000 1.0000 1.0000
        1.0000 1.0000 1.0000 1.0000 1.0000 1.0000 1.0000 1.0000 1.0000 1.0000 1.0000 1.0000
        1.0000 1.0000 1.0000 1.0000 1.0000 1.0000 1.0000 1.0000 1.0000 1.0000 1.0000 1.0000
   4   1
   2018 1.0000 1.0000 1.0000 1.0000 1.0000 1.0000 1.0000 1.0000 1.0000 1.2608 1.0000 1.0000
        1.0000 1.0000 1.0000 1.0000 1.0000 1.0000 1.0000 1.0000 1.0000 1.2608 1.0000 1.0000
        1.0000 1.0000 1.0000 1.0000 1.0000 1.0000 1.0000 1.0000 1.0000 0.5603 1.0000 1.0000
   2019 1.0000 1.0000 1.0000 1.0000 1.0000 1.0000 1.0000 1.0000 1.0000 1.0000 1.0000 1.0000
        1.0000 1.0000 1.0000 1.0000 1.0000 1.0000 1.0000 1.0000 1.0000 1.0000 1.0000 1.0000
        1.0000 1.0000 1.0000 1.0000 1.0000 1.0000 1.0000 1.0000 1.0000 1.0000 1.0000 1.0000
   2020 1.0000 1.0000 1.0000 1.0000 1.0000 1.0000 1.0000 1.0000 1.0000 1.0000 1.0000 1.0000
        1.0000 1.0000 1.0000 1.0000 1.0000 1.0000 1.0000 1.0000 1.0000 1.0000 1.0000 1.0000
        1.0000 1.0000 1.0000 1.0000 1.0000 1.0000 1.0000 1.0000 1.0000 1.0000 1.0000 1.0000
   2021 1.0000 1.0000 1.0000 1.0000 1.0000 1.0000 1.0000 1.0000 1.0000 1.0000 1.0000 1.0000
        1.0000 1.0000 1.0000 1.0000 1.0000 1.0000 1.0000 1.0000 1.0000 1.0000 1.0000 1.0000
        1.0000 1.0000 1.0000 1.0000 1.0000 1.0000 1.0000 1.0000 1.0000 1.0000 1.0000 1.0000
   2022 1.0000 1.0000 1.0000 1.0000 1.0000 1.0000 1.0000 1.0000 1.0000 1.0000 1.0000 1.0000
        1.0000 1.0000 1.0000 1.0000 1.0000 1.0000 1.0000 1.0000 1.0000 1.0000 1.0000 1.0000
        1.0000 1.0000 1.0000 1.0000 1.0000 1.0000 1.0000 1.0000 1.0000 1.0000 1.0000 1.0000
