  1    248   225   200   137   103    87    73    63    66    77   110   180
  2    248   225   200   137   103    87    73    63    66    77   110   180
  3      0     0     0     0     0     0     0     0     0     0     0     0
  4      0     0     0     0     0     0     0     0     0     0     0     0
  5      0     0     0     0     0     0     0     0     0     0     0     0
  6   1748  1619  1446   992   725   609   498   409   427   501   714  1225
  7   1949  1822  1630  1120   816   680   556   456   473   555   787  1351
  8   1992  1872  1675  1156   839   698   570   467   483   566   801  1373
  9   2008  1893  1695  1172   849   706   576   472   487   570   806  1379
 10   2057  1953  1750  1216   877   727   593   486   498   583   822  1403
 11   2170  2081  1866  1307   937   775   630   515   525   614   862  1468
 12   2449  2377  2140  1510  1077   885   717   584   590   690   967  1641
 13      0     0     0     0     0     0     0     0     0     0     0     0
 14     96    98    87    59    43    36    29    24    25    31    40    70
 15    158   161   141    96    70    59    48    41    42    50    64   113
 16    160   164   143    97    71    60    49    41    43    51    65   115
 17   3262  3327  2998  2165  1552  1303  1060   879   872   995  1338  2210
 18   3639  3771  3417  2486  1773  1495  1219  1016  1000  1143  1507  2444
 19      0     0     0     0     0     0     0     0     0     0     0     0
 20    326   326   296   213   135   103    81    64    56    68   120   233
 21      0     0     0     0     0     0     0     0     0     0     0     0
 22    190   192   196   149    95    72    57    45    38    45    77   143
 23    268   293   297   234   146   108    84    66    57    75   123   198
 24    888   881   847   619   393   302   242   194   171   202   348   649
 25    521   522   493   370   254   198   164   133   122   149   222   372
 26      0     0     0     0     0     0     0     0     0     0     0     0
 27      0     0     0     0     0     0     0     0     0     0     0     0
 28    632   640   605   462   316   248   205   170   156   187   274   452
 29      0     0     0     0     0     0     0     0     0     0     0     0
 30      0     0     0     0     0     0     0     0     0     0     0     0
 31   2696  2780  2725  2042  1318  1017   809   648   574   693  1123  1949
 32   2822  2919  2862  2150  1390  1074   857   688   610   730  1177  2040
 33   4048  4209  4197  3210  2096  1638  1317  1073   971  1144  1750  2952
 34   8847  9272  8925  6729  4615  3780  3088  2586  2465  2831  3882  6239
 35      0     0     0     0     0     0     0     0     0     0     0     0
 36      0     0     0     0     0     0     0     0     0     0     0     0
 37    689   725   618   402   319   322   252   212   230   280   306   466
 38    772   816   697   458   364   368   287   243   261   314   345   520
 39    919   968   834   565   452   453   361   308   328   386   422   630
 40   1111  1173  1020   688   551   549   443   382   405   470   509   760
 41      0     0     0     0     0     0     0     0     0     0     0     0
 42   1196  1267  1098   738   587   586   471   406   430   501   544   813
 43   1253  1353  1186   810   630   633   509   440   458   533   576   851
 44  10100 10625 10111  7538  5245  4413  3597  3026  2923  3365  4458  7089
 45  10517 11086 10543  7905  5562  4719  3880  3306  3194  3639  4754  7427
 46  11395 12210 11649  8947  6458  5614  4603  3922  3811  4305  5419  8098
 47    331   367   312   219   193   203   177   148   161   192   185   234
 48    338   375   320   225   198   208   182   152   165   196   189   240
 49    512   545   454   326   303   318   279   230   260   308   288   355
 50    665   715   608   447   411   430   373   311   344   402   383   470
 51    675   728   620   457   419   439   380   318   350   409   391   478
 52    699   755   644   476   436   457   395   331   364   425   406   497
 53      0     0     0     0     0     0     0     0     0     0     0     0
 54    159   163   139   104   130   160   171   138   152   197   158   142
 55      0     0     0     0     0     0     0     0     0     0     0     0
 56      0     0     0     0     0     0     0     0     0     0     0     0
 57    307   313   259   193   237   288   293   232   264   342   282   258
 58    377   382   312   236   280   330   330   264   306   397   333   311
 59      0     0     0     0     0     0     0     0     0     0     0     0
 60      0     0     0     0     0     0     0     0     0     0     0     0
 61   1523  1576  1298   986   993  1097   992   806   898  1110  1013  1113
 62   1596  1655  1368  1040  1046  1156  1050   854   946  1173  1071  1170
 63   1763  1833  1535  1171  1171  1301  1181   970  1061  1318  1213  1311
 64      0     0     0     0     0     0     0     0     0     0     0     0
 65     85    89    79    82   117   142   125   103   117   157   118    91
 66  14806 16042 15051 11943  9602  8984  7615  6358  6400  7639  8415 11109
 67      0     0     0     0     0     0     0     0     0     0     0     0
 68      0     0     0     0     0     0     0     0     0     0     0     0
 69      0     0     0     0     0     0     0     0     0     0     0     0
 70     21    21    14    21    41    50    43    22    38    50    26    19
 71     93    95    82    80   107   131   121    90   111   140   109    93
 72     98   100    86    84   113   138   127    95   117   147   114    97
 73    115   117   102   100   135   164   151   113   139   172   135   115
 74    615   676   614   484   584   720   739   621   730   933   696   587
 75    798   865   784   645   784   965   967   805   942  1203   917   770
 76    703   768   696   565   690   852   859   714   842  1081   808   673
 77    914   987   877   760   950  1181  1158   938  1109  1439  1077   887
 78    952  1027   916   796   998  1239  1213   982  1154  1513  1135   930
 79      0     0     0     0     0     0     0     0     0     0     0     0
 80     54    59    51    53    74    91    82    66    77   101    73    56
 81   1277  1375  1223  1110  1436  1779  1689  1368  1584  2110  1587  1286
 82      0     0     0     0     0     0     0     0     0     0     0     0
 83     58    64    54    57    79    97    88    71    83   108    78    60
 84      0     0     0     0     0     0     0     0     0     0     0     0
 85    109   142   107   109   139   159   206   212   245   214   127   108
 86      0     0     0     0     0     0     0     0     0     0     0     0
 87      0     0     0     0     0     0     0     0     0     0     0     0
 88    183   225   182   158   205   229   269   281   333   357   232   171
 89    215   264   214   193   253   284   337   342   414   442   285   207
 90      0     0     0     0     0     0     0     0     0     0     0     0
 91      0     0     0     0     0     0     0     0     0     0     0     0
 92    692   864   687   709   980  1129  1326  1353  1575  1595   993   733
 93     35    34    29    36    55    70    79    71    78    85    59    46
 94    838  1023   827   869  1212  1414  1644  1657  1901  1940  1243   922
 95      0     0     0     0     0     0     0     0     0     0     0     0
 96      0     0     0     0     0     0     0     0     0     0     0     0
 97    163   205   158   177   240   321   415   416   471   402   226   182
 98     95   122    93   101   127   176   225   229   254   214   123    98
 99     80    85    85    73    60    54    49    46    47    51    58    70
100      5     6     6     5     4     4     4     3     4     5     5     5
101    114   135   106    77    93    95   119   131   161   174   115    97
102    162   144   123   189   245   296   294   279   326   368   272   218
103    169   150   128   195   254   307   305   290   338   382   284   226
104     46    46    42    29    23    21    18    16    22    27    27    36
105      0     0     0     0     0     0     0     0     0     0     0     0
106      0     0     0     0     0     0     0     0     0     0     0     0
107      0     0     0     0     0     0     0     0     0     0     0     0
108      0     0     0     0     0     0     0     0     0     0     0     0
109     26    26    23    17    12    11     9     8    12    15    16    21
110     21    20    16    21    28    34    40    40    43    46    32    25
111    137   124   106   141   193   240   272   272   311   315   221   176
112    139   125   107   142   195   242   275   274   313   317   222   178
113    172   156   134   181   248   308   353   345   398   402   287   222
114    209   194   167   231   303   393   445   421   483   487   343   268
115     25    27    24    18    17    17    17    15    18    20    20    21
116      6     6     5     4     3     2     2     2     3     3     3     5
117     20    20    18    13    10    10     9     8     9    11    11    15
118     26    26    23    17    12    11     9     8    12    15    16    21
119     32    31    29    20    15    13    11    10    15    19    19    25
120     45    48    46    33    26    24    20    17    18    20    23    33
121    105   111   102    79    61    54    47    42    45    51    58    79
122    120   128   116    90    70    62    54    48    51    57    66    89
123    376   397   384   272   190   167   140   120   124   148   185   268
124      0     0     0     0     0     0     0     0     0     0     0     0
125    494   514   490   344   241   209   174   147   153   183   240   350
126    324   323   327   292   213   161   123    92    92   126   211   303
127    763   759   700   468   307   258   214   182   185   218   314   514
128      0     0     0     0     0     0     0     0     0     0     0     0
129    958   953   895   652   465   393   331   283   289   341   467   698
130   1070  1068  1002   725   514   433   364   311   317   377   518   780
131    143   142   144   142   133   121   109    95    96   111   131   141
132     30    29    29    24    17    12    10     9     9    11    17    25
133      0     0     0     0     0     0     0     0     0     0     0     0
134    293   235   211   159   114    94    80    69    67    85   159   254
135      0     0     0     0     0     0     0     0     0     0     0     0
136      0     0     0     0     0     0     0     0     0     0     0     0
137      0     0     0     0     0     0     0     0     0     0     0     0
138      0     0     0     0     0     0     0     0     0     0     0     0
139      0     0     0     0     0     0     0     0     0     0     0     0
140      0     0     0     0     0     0     0     0     0     0     0     0
141   1033   836   740   580   435   370   328   293   286   343   553   896
142      0     0     0     0     0     0     0     0     0     0     0     0
143      0     0     0     0     0     0     0     0     0     0     0     0
144   1848  1428  1255   971   705   590   521   461   444   556   955  1619
145    117   135   149   111    79    64    58    54    53    57    66    89
146      0     0     0     0     0     0     0     0     0     0     0     0
147      0     0     0     0     0     0     0     0     0     0     0     0
148   1587  1230  1082   837   609   511   452   401   387   484   822  1389
149    268   227   203   157   121   106    94    84    84    99   145   227
150      0     0     0     0     0     0     0     0     0     0     0     0
151      0     0     0     0     0     0     0     0     0     0     0     0
152      0     0     0     0     0     0     0     0     0     0     0     0
153      0     0     0     0     0     0     0     0     0     0     0     0
154    150   155   150   132   122   112   106   103   106   112   117   132
155    325   277   237   156   108    88    72    61    59    75   129   247
156   1442  1337  1115   739   443   334   268   219   214   290   585  1092
157      0     0     0     0     0     0     0     0     0     0     0     0
158     81    82    86    68    47    39    34    29    27    32    50    77
159      0     0     0     0     0     0     0     0     0     0     0     0
160     11    11    11     9     7     6     5     5     6     7     7     9
161    177   185   163   107    83    78    65    55    71    90    99   131
162      0     0     0     0     0     0     0     0     0     0     0     0
163      0     0     0     0     0     0     0     0     0     0     0     0
164    131   139   121    77    60    57    47    39    50    64    72    96
165      0     0     0     0     0     0     0     0     0     0     0     0
166      0     0     0     0     0     0     0     0     0     0     0     0
167      0     0     0     0     0     0     0     0     0     0     0     0
168   3219  3335  3330  2672  1619  1105   945   836   747   816  1326  2392
169   4605  4816  4634  3682  2228  1524  1273  1102   986  1101  1821  3303
170      0     0     0     0     0     0     0     0     0     0     0     0
171    107   139   217   190    63    17    11    14    21    22    37    82
172   4644  4935  4896  3988  2405  1583  1302  1135  1014  1094  1750  3246
173   4640  4952  4939  4059  2456  1603  1313  1147  1025  1096  1728  3223
174      0     0     0     0     0     0     0     0     0     0     0     0
175   4640  4952  4939  4059  2456  1603  1313  1147  1025  1096  1728  3223
176   4640  4952  4939  4059  2456  1603  1313  1147  1025  1096  1728  3223
177      0     0     0     0     0     0     0     0     0     0     0     0
178   4638  4953  4939  4058  2457  1603  1313  1147  1025  1095  1727  3222
179      0     0     0     0     0     0     0     0     0     0     0     0
180      0     0     0     0     0     0     0     0     0     0     0     0
181      0     0     0     0     0     0     0     0     0     0     0     0
182      0     0     0     0     0     0     0     0     0     0     0     0
183    164   125   113    82    61    52    46    41    41    51    85   141
184      0     0     0     0     0     0     0     0     0     0     0     0
185      0     0     0     0     0     0     0     0     0     0     0     0
186      0     0     0     0     0     0     0     0     0     0     0     0
187    122   123   122   101    87    77    68    62    61    68    86   112
188    810   591   487   336   204   162   137   116   105   168   463   869
189      0     0     0     0     0     0     0     0     0     0     0     0
190    648   719   760   671   436   303   262   239   234   284   395   525
191   1578  1780  1654  1175   627   434   328   256   241   351   633  1164
192      0     0     0     0     0     0     0     0     0     0     0     0
193      0     0     0     0     0     0     0     0     0     0     0     0
194      0     0     0     0     0     0     0     0     0     0     0     0
195      0     0     0     0     0     0     0     0     0     0     0     0
196     62    46    45    37    26    20    17    15    14    19    37    58
197     63    62    57    42    33    28    24    22    21    24    34    49
198    127   123   112    83    64    56    48    43    44    50    69   102
199   1122  1122  1056   767   542   457   384   328   333   395   541   814
200      0     0     0     0     0     0     0     0     0     0     0     0
201     24    25    23    18    12     9     7     6     6     8    12    18
202     10     9     9     7     5     3     3     2     3     3     5     8
203     41    41    38    30    20    15    12    11    11    13    20    30
204    525   994  1515  1871  2008  1580  1169   784   454   274   196   228
205    215   236   238   189   118    86    67    53    46    60    98   159
206    598   602   570   432   296   232   192   158   145   176   259   429
207    609   614   580   441   302   237   196   162   149   179   264   436
208      0     0     0     0     0     0     0     0     0     0     0     0
209    744   816   826   641   403   299   235   185   160   200   334   547
210      0     0     0     0     0     0     0     0     0     0     0     0
211    584   517   459   317   233   195   164   140   143   170   253   426
212      0     0     0     0     0     0     0     0     0     0     0     0
213      0     0     0     0     0     0     0     0     0     0     0     0
214      0     0     0     0     0     0     0     0     0     0     0     0
215    184   238   180   188   252   289   364   377   436   396   235   189
216    233   286   232   213   282   317   376   381   460   490   315   227
217    508   639   503   502   681   773   936   953  1117  1124   696   519
218      0     0     0     0     0     0     0     0     0     0     0     0
219      0     0     0     0     0     0     0     0     0     0     0     0
220     62    59    51    63    96   120   136   118   131   148   103    80
221      0     0     0     0     0     0     0     0     0     0     0     0
222   1181  1272  1131  1027  1329  1646  1563  1266  1466  1952  1468  1190
223      0     0     0     0     0     0     0     0     0     0     0     0
224      0     0     0     0     0     0     0     0     0     0     0     0
225    379   476   511   376   187    75    40    25    20    31    76   213
226      0     0     0     0     0     0     0     0     0     0     0     0
227   1443  1608  1623  1287   886   664   531   452   417   484   706  1086
228   1576  1759  1775  1411   969   721   574   486   448   522   765  1184
229   3679  4294  4489  3597  2303  1478  1049   807   703   885  1476  2561
230   3712  4333  4529  3630  2324  1491  1058   814   710   893  1490  2586
231      0     0     0     0     0     0     0     0     0     0     0     0
232      0     0     0     0     0     0     0     0     0     0     0     0
233      0     0     0     0     0     0     0     0     0     0     0     0
234      0     0     0     0     0     0     0     0     0     0     0     0
235      0     0     0     0     0     0     0     0     0     0     0     0
236      0     0     0     0     0     0     0     0     0     0     0     0
237    748   785   671   439   348   349   275   232   256   313   340   511
238    831   876   751   495   393   395   309   262   288   347   379   566
239    978  1028   887   603   481   480   383   328   354   419   456   675
240   1169  1233  1074   725   579   576   465   402   432   503   543   805
241    262   283   286   231   180   156   139   129   132   151   179   224
242   1254  1326  1152   775   615   613   493   425   456   534   578   858
243   1312  1413  1240   847   659   659   532   460   485   566   610   896
244  10159 10685 10165  7575  5274  4440  3620  3046  2950  3398  4492  7135
245  10576 11146 10596  7942  5591  4746  3903  3325  3220  3672  4788  7472
246  11454 12270 11703  8984  6487  5641  4626  3942  3838  4338  5453  8143
247    286   318   327   252   177   139   116   101   102   126   165   231
248    297   331   340   262   184   145   120   105   107   131   171   240
249    518   551   459   330   306   322   283   233   263   312   292   359
250      0     0     0     0     0     0     0     0     0     0     0     0
251    316   315   318   240   151   114    90    71    60    72   125   238
252    101   114   112    89    67    57    51    47    48    52    61    80
253   1734  1963  1841  1329   705   476   360   281   264   377   686  1281
254    161   157   155   130    79    54    54    44    30    36    94   197
255    341   229   207   130    69    52    43    36    34    66   197   351
256      0     0     0     0     0     0     0     0     0     0     0     0
257   3084  3458  3324  2361  1180   774   591   474   451   621  1174  2284
258    407   279   243   154    82    61    51    43    42    77   231   419
259    101   114   112    89    67    57    51    47    48    52    61    80
260      0     0     0     0     0     0     0     0     0     0     0     0
261    318   355   364   282   198   156   130   113   115   141   183   257
262    151   114   103    75    56    48    42    37    38    47    78   129
263    305   245   220   166   119    98    83    72    70    88   166   264
264      0     0     0     0     0     0     0     0     0     0     0     0
265     67    53    48    40    31    27    24    21    20    24    39    61
266  14865 16102 15105 11980  9631  9011  7638  6378  6426  7672  8450 11154
267    267   225   201   156   120   105    94    84    84    98   144   227
268      0     0     0     0     0     0     0     0     0     0     0     0
269    383   581   749  1017  1184  1044   668   420   313   268   263   293
270   1414  1598  1482  1051   558   386   290   224   212   310   561  1045
271   6822  8185  8688  7234  4075  2321  1642  1266  1142  1473  2560  4692
272      0     0     0     0     0     0     0     0     0     0     0     0
273   4399  5036  5070  3785  1875  1113   800   613   558   779  1544  3115
274   7099  8652  9240  7976  4593  2656  1898  1495  1358  1669  2717  4781
275  15004 20357 23831 23813 15513  7259  4165  2918  2304  2585  4283  8430
276   6567 10069 12490 13137  8783  3642  1787  1106   820   950  1636  3312
277    143   209   320   404   386   266   197   149   129   115   115   118
278    305   343   323   215   122    92    77    69    70    94   131   207
279    478   741   844   758   464   244   143    88    62    61   118   243
280    527   996  1519  1876  2014  1584  1172   787   455   275   196   228
281     86    91    92    85    77    71    67    64    63    67    72    79
282     99   105   106    90    74    66    60    56    57    62    71    86
283    174   121   119   105    72    61    59    50    44    61   121   180
284    168   212   164   183   248   332   429   431   487   417   235   188
285  23566 30331 35035 33860 26118 18210 11661  7164  5309  6371 10049 16043
286     57    67    57    58    83    96    93    88    99   122    83    63
287  23915 30771 35564 34385 26524 18499 11847  7278  5392  6465 10195 16276
288   8054 13288 18094 21288 15415  7339  2941  1588  1086  1112  1891  3852
289     64    68    69    59    49    44    40    38    38    42    47    57
290    681  1070  1372  1819  2128  2069  1449   960   594   339   247   344
291    498   739   830   724   460   215    99    57    47    53    93   228
292      0     0     0     0     0     0     0     0     0     0     0     0
293      0     0     0     0     0     0     0     0     0     0     0     0
294    241   260   263   211   165   143   128   119   122   139   164   206
295     97   102   110    96    84    79    75    72    71    75    79    87
296     35    37    39    37    34    32    30    30    29    30    31    33
297    531  1005  1533  1893  2032  1599  1182   794   459   277   198   231
298    157   157   159   155   138   121   105    91    92   109   134   154
299    875   874   808   541   355   298   247   209   214   254   364   596
300      0     0     0     0     0     0     0     0     0     0     0     0
301     30    30    27    18    13    11    10     9    14    18    18    24
302   1188  2416  6206 10209  5140  2000  1200   899   742   687   797   900
303     45    45    46    40    27    18    12     9    10    14    25    41
304      3     4     2     0     0     0     0     0     0     0     0     1
305      0     0     0     0     0     0     0     0     0     0     0     0
306    188   188   189   183   161   139   120   104   106   125   156   182
307      0     0     0     0     0     0     0     0     0     0     0     0
308      0     0     0     0     0     0     0     0     0     0     0     0
309      0     0     0     0     0     0     0     0     0     0     0     0
310      0     0     0     0     0     0     0     0     0     0     0     0
311      0     0     0     0     0     0     0     0     0     0     0     0
312      0     0     0     0     0     0     0     0     0     0     0     0
313    320   358   362   280   196   154   129   112   115   142   184   258
314    927   928   862   583   383   321   266   226   230   272   388   630
315    178   179   177   167   146   127   110    96    97   115   142   168
316    175   174   175   167   146   127   110    96    97   115   142   167
317      4     5     3     1     0     0     0     0     0     0     0     1
318     64    66    59    41    31    29    25    22    29    36    38    50
319     59    60    54    37    29    27    23    20    27    33    34    45
320     31    31    27    19    13    12    10     9    14    18    19    25
